3 50 10 6 10.0 3.0 1.0 95
1 28 8
7 15 3
6 116 7
2 60 4
0 13 8
9 125 5
6 18 3
4 135 5
4 55 3
7 9 9
2 67 9
2 57 3
0 53 9
8 217 7
4 88 9
8 28 4
0 90 8
3 12 7
8 119 8
5 160 8
5 139 6
1 66 7
5 20 8
1 72 5
1 40 9
6 182 7
5 152 3
9 232 8
8 40 8
9 125 9
2 51 8
5 28 8
4 122 8
9 128 7
9 180 3
1 40 3
3 140 7
8 201 3
7 95 8
2 39 9
7 59 5
7 141 7
3 24 8
3 18 4
0 19 3
0 94 6
4 90 8
3 52 3
6 168 9
6 14 6
0 0 0.671764116324
0 1 0.046954126746
0 2 0.197872093217
0 3 0.923496372523
0 4 0.566081698157
0 5 0.716646314191
0 6 0.382620886837
0 7 0.514675001545
0 8 0.264187626756
0 9 0.607814557570
0 10 0.984031855899
0 11 0.640494842224
0 12 0.552881566572
0 13 0.068222766974
0 14 0.487446846937
0 15 0.975474662101
0 16 0.381364162960
0 17 0.759129404828
0 18 0.787668685101
0 19 0.217913084297
0 20 0.291848310595
0 21 0.511092660123
0 22 0.562068991490
0 23 0.907795154718
0 24 0.997940912388
0 25 0.545250234809
0 26 0.942501116962
0 27 0.223184668574
0 28 0.532552521661
0 29 0.004276467936
0 30 0.693591983725
0 31 0.924953098913
0 32 0.591635728802
0 33 0.059635357925
0 34 0.405480779604
0 35 0.874912930168
0 36 0.783901819664
0 37 0.734195763113
0 38 0.111812666840
0 39 0.997951978405
0 40 0.368861725980
0 41 0.940611455492
0 42 0.891593551976
0 43 0.104985289014
0 44 0.256342111627
0 45 0.100371780066
0 46 0.398469287566
0 47 0.989177197728
0 48 0.121929618615
0 49 0.637586316764
1 0 0.629575401799
1 1 0.706699306132
1 2 0.133367232095
1 3 0.630783751222
1 4 0.329188313658
1 5 0.760080352380
1 6 0.905619896463
1 7 0.779322608138
1 8 0.880165644483
1 9 0.809270959600
1 10 0.459249290872
1 11 0.615645095119
1 12 0.277262486034
1 13 0.033966797435
1 14 0.894542857327
1 15 0.209282303207
1 16 0.767205954791
1 17 0.401070112913
1 18 0.187582899418
1 19 0.381492808479
1 20 0.838229720895
1 21 0.074428534594
1 22 0.020518548125
1 23 0.901094552542
1 24 0.616616561420
1 25 0.612183073473
1 26 0.190975423298
1 27 0.465216103503
1 28 0.200257048435
1 29 0.529118412454
1 30 0.165404586151
1 31 0.345739135922
1 32 0.588866506491
1 33 0.099215160577
1 34 0.316195807121
1 35 0.230771432892
1 36 0.869315320535
1 37 0.206962921046
1 38 0.618649958970
1 39 0.617967126920
1 40 0.378303553751
1 41 0.152728954973
1 42 0.252847916533
1 43 0.522191073167
1 44 0.669974369619
1 45 0.404116588073
1 46 0.510088731149
1 47 0.392844070091
1 48 0.543179940891
1 49 0.437295286143
2 0 0.787827806593
2 1 0.498407499230
2 2 0.774589958252
2 3 0.597435242008
2 4 0.226094550831
2 5 0.941841985718
2 6 0.756814140975
2 7 0.862557214235
2 8 0.795056820596
2 9 0.938371874508
2 10 0.314730890543
2 11 0.450141169961
2 12 0.675546323366
2 13 0.006401723731
2 14 0.241978735944
2 15 0.803422742810
2 16 0.368707475490
2 17 0.646232256840
2 18 0.759387170974
2 19 0.773621900294
2 20 0.891316711820
2 21 0.331527702378
2 22 0.709855723145
2 23 0.582754366740
2 24 0.510149909741
2 25 0.268090984914
2 26 0.251400194449
2 27 0.008238457696
2 28 0.516188574713
2 29 0.402741727171
2 30 0.604625167892
2 31 0.676241434907
2 32 0.942455242106
2 33 0.822640812928
2 34 0.574101267349
2 35 0.834176597166
2 36 0.066419826811
2 37 0.582961051499
2 38 0.707713152023
2 39 0.803580917353
2 40 0.922565396943
2 41 0.417933533390
2 42 0.066801872076
2 43 0.803600528442
2 44 0.383547754326
2 45 0.863374525786
2 46 0.800008456484
2 47 0.107656974495
2 48 0.077009697552
2 49 0.255981279047
0 0 10
0 1 6
0 2 8
0 3 5
0 4 11
0 5 6
0 6 6
0 7 7
0 8 4
0 9 12
0 10 12
0 11 4
0 12 12
0 13 10
0 14 12
0 15 5
0 16 9
0 17 8
0 18 10
0 19 11
0 20 7
0 21 8
0 22 10
0 23 7
0 24 11
0 25 9
0 26 6
0 27 9
0 28 11
0 29 10
0 30 10
0 31 11
0 32 11
0 33 10
0 34 6
0 35 4
0 36 10
0 37 4
0 38 9
0 39 10
0 40 6
0 41 10
0 42 11
0 43 7
0 44 6
0 45 7
0 46 10
0 47 5
0 48 12
0 49 7
1 0 9
1 1 3
1 2 7
1 3 6
1 4 8
1 5 6
1 6 4
1 7 7
1 8 3
1 9 10
1 10 9
1 11 4
1 12 9
1 13 9
1 14 9
1 15 5
1 16 10
1 17 9
1 18 10
1 19 10
1 20 7
1 21 7
1 22 10
1 23 5
1 24 9
1 25 9
1 26 4
1 27 9
1 28 8
1 29 9
1 30 8
1 31 9
1 32 9
1 33 8
1 34 4
1 35 5
1 36 7
1 37 3
1 38 8
1 39 10
1 40 7
1 41 7
1 42 9
1 43 6
1 44 4
1 45 7
1 46 8
1 47 4
1 48 11
1 49 7
2 0 10
2 1 6
2 2 11
2 3 7
2 4 12
2 5 9
2 6 5
2 7 9
2 8 6
2 9 13
2 10 13
2 11 5
2 12 12
2 13 10
2 14 13
2 15 8
2 16 11
2 17 10
2 18 12
2 19 11
2 20 10
2 21 11
2 22 11
2 23 7
2 24 13
2 25 10
2 26 6
2 27 12
2 28 10
2 29 11
2 30 10
2 31 12
2 32 10
2 33 10
2 34 5
2 35 5
2 36 11
2 37 7
2 38 10
2 39 12
2 40 8
2 41 10
2 42 12
2 43 7
2 44 6
2 45 10
2 46 10
2 47 7
2 48 12
2 49 8
