3 50 10 6 10.0 3.0 1.0 95
6 166 7
3 80 3
9 220 6
5 90 9
7 63 3
9 185 3
8 86 3
7 128 9
8 142 9
9 225 7
0 2 7
0 79 3
8 161 5
2 77 6
6 44 9
0 97 9
0 25 5
9 38 9
6 98 3
0 80 9
9 160 8
7 33 5
2 83 7
7 191 7
2 103 9
4 108 7
4 75 7
5 51 8
3 86 9
2 76 3
4 30 3
8 184 7
6 72 7
1 30 9
6 124 4
4 95 5
4 43 9
3 120 7
8 98 9
1 69 7
3 20 4
7 195 7
1 15 5
2 20 7
1 64 8
3 138 9
1 26 3
5 22 8
5 66 4
5 121 3
0 0 0.519358809807
0 1 0.399401057566
0 2 0.513230366601
0 3 0.682718616345
0 4 0.547539121543
0 5 0.619581279942
0 6 0.081787537401
0 7 0.090383918232
0 8 0.928207858425
0 9 0.142122732513
0 10 0.013739560662
0 11 0.242909582501
0 12 0.174669319681
0 13 0.950147798911
0 14 0.719472079578
0 15 0.857706207633
0 16 0.896227077441
0 17 0.754603410441
0 18 0.432041007137
0 19 0.910879246769
0 20 0.663823049778
0 21 0.739577217876
0 22 0.320028676649
0 23 0.513626311078
0 24 0.131156804632
0 25 0.793229585499
0 26 0.137649506523
0 27 0.318438224808
0 28 0.524949937500
0 29 0.974416239507
0 30 0.930111572107
0 31 0.910018151705
0 32 0.781227005698
0 33 0.639124580891
0 34 0.524028661636
0 35 0.082524113174
0 36 0.699106629548
0 37 0.756208530185
0 38 0.284228895355
0 39 0.057017429147
0 40 0.306620897000
0 41 0.600355230006
0 42 0.406014204430
0 43 0.595208097476
0 44 0.864169831821
0 45 0.591534510221
0 46 0.694170579816
0 47 0.207785098941
0 48 0.454944703101
0 49 0.639251493615
1 0 0.577327175511
1 1 0.001248476329
1 2 0.806211468908
1 3 0.224339554180
1 4 0.272930079063
1 5 0.739194268560
1 6 0.902289722153
1 7 0.834915486708
1 8 0.876740148779
1 9 0.623570893163
1 10 0.302056773117
1 11 0.430687038931
1 12 0.822545041387
1 13 0.782937958101
1 14 0.473441993667
1 15 0.617384936881
1 16 0.071024765697
1 17 0.435032172521
1 18 0.508769172416
1 19 0.088995969928
1 20 0.527080268788
1 21 0.746400427977
1 22 0.101863554838
1 23 0.178549105097
1 24 0.946679954808
1 25 0.956521498691
1 26 0.088201061469
1 27 0.692601811949
1 28 0.136351439054
1 29 0.142135925075
1 30 0.032578827526
1 31 0.695922867493
1 32 0.814706335141
1 33 0.212556575835
1 34 0.751584326041
1 35 0.354534883868
1 36 0.328467874351
1 37 0.597866853403
1 38 0.463322095033
1 39 0.776834445243
1 40 0.590219716504
1 41 0.874385382488
1 42 0.538452544619
1 43 0.241194802399
1 44 0.650883197648
1 45 0.809277341523
1 46 0.691921889713
1 47 0.944784421375
1 48 0.719665990125
1 49 0.776825705503
2 0 0.295058168189
2 1 0.063881649047
2 2 0.067189383087
2 3 0.524547440225
2 4 0.277087618285
2 5 0.827157080652
2 6 0.440347183310
2 7 0.229383431693
2 8 0.115437418294
2 9 0.725162242089
2 10 0.523128119579
2 11 0.815128627620
2 12 0.871551385778
2 13 0.217777976961
2 14 0.459940298655
2 15 0.919353385855
2 16 0.070997101605
2 17 0.471920626044
2 18 0.113446298151
2 19 0.314228301063
2 20 0.605814818259
2 21 0.696236871085
2 22 0.919879504062
2 23 0.100046287180
2 24 0.883084450916
2 25 0.503328839901
2 26 0.650353286870
2 27 0.954616070065
2 28 0.539355991131
2 29 0.897425383859
2 30 0.603137263039
2 31 0.116143857665
2 32 0.739571902438
2 33 0.780596500906
2 34 0.970774621322
2 35 0.696501642063
2 36 0.211715716881
2 37 0.737875126485
2 38 0.684210253048
2 39 0.384585883442
2 40 0.437503052550
2 41 0.816185609631
2 42 0.375648132089
2 43 0.785815951443
2 44 0.113027753090
2 45 0.520642188134
2 46 0.649287832028
2 47 0.069583276063
2 48 0.833959935676
2 49 0.729463704182
0 0 8
0 1 5
0 2 8
0 3 11
0 4 4
0 5 4
0 6 4
0 7 10
0 8 11
0 9 7
0 10 7
0 11 5
0 12 5
0 13 7
0 14 10
0 15 10
0 16 6
0 17 10
0 18 5
0 19 10
0 20 8
0 21 7
0 22 9
0 23 7
0 24 10
0 25 8
0 26 8
0 27 8
0 28 9
0 29 3
0 30 4
0 31 9
0 32 7
0 33 9
0 34 6
0 35 6
0 36 11
0 37 9
0 38 10
0 39 7
0 40 5
0 41 7
0 42 6
0 43 9
0 44 9
0 45 9
0 46 4
0 47 8
0 48 5
0 49 3
1 0 9
1 1 3
1 2 7
1 3 9
1 4 5
1 5 5
1 6 5
1 7 9
1 8 9
1 9 8
1 10 7
1 11 3
1 12 7
1 13 7
1 14 10
1 15 10
1 16 5
1 17 9
1 18 3
1 19 10
1 20 8
1 21 5
1 22 8
1 23 9
1 24 11
1 25 7
1 26 9
1 27 8
1 28 9
1 29 3
1 30 4
1 31 9
1 32 7
1 33 9
1 34 5
1 35 5
1 36 10
1 37 9
1 38 9
1 39 9
1 40 5
1 41 7
1 42 6
1 43 8
1 44 8
1 45 9
1 46 4
1 47 8
1 48 6
1 49 5
2 0 8
2 1 4
2 2 9
2 3 11
2 4 6
2 5 4
2 6 5
2 7 12
2 8 10
2 9 8
2 10 10
2 11 5
2 12 8
2 13 7
2 14 12
2 15 11
2 16 7
2 17 12
2 18 6
2 19 11
2 20 9
2 21 7
2 22 8
2 23 10
2 24 11
2 25 9
2 26 10
2 27 9
2 28 12
2 29 5
2 30 4
2 31 10
2 32 9
2 33 11
2 34 7
2 35 7
2 36 10
2 37 8
2 38 11
2 39 8
2 40 6
2 41 8
2 42 7
2 43 9
2 44 9
2 45 11
2 46 5
2 47 11
2 48 7
2 49 4
