3 50 10 6 10.0 3.0 1.0 95
2 77 3
6 20 3
6 66 5
1 89 9
7 67 3
4 102 8
0 7 7
1 110 8
3 98 7
4 37 7
9 40 3
8 37 4
6 68 8
6 44 9
3 105 8
3 144 4
7 98 7
2 95 9
9 230 8
5 169 6
0 40 9
5 13 8
8 231 9
3 141 9
8 56 9
1 35 3
4 50 3
2 123 8
7 208 8
5 119 3
0 48 5
4 90 8
9 170 8
6 86 8
2 31 6
0 88 3
5 108 9
1 93 8
8 208 8
8 182 3
9 120 5
9 140 7
4 40 4
7 182 6
3 40 3
2 80 9
0 11 9
7 152 8
1 71 4
5 105 8
0 0 0.664136605397
0 1 0.391160707512
0 2 0.002779037775
0 3 0.327236371909
0 4 0.421720027383
0 5 0.265311551878
0 6 0.557333073683
0 7 0.249638834229
0 8 0.137029613141
0 9 0.460178608119
0 10 0.427665048692
0 11 0.029123666267
0 12 0.366726051836
0 13 0.362504594056
0 14 0.065012994708
0 15 0.370870554977
0 16 0.881910757996
0 17 0.503169816265
0 18 0.145560136212
0 19 0.941740985836
0 20 0.032642470560
0 21 0.387644527201
0 22 0.826161126364
0 23 0.135565086457
0 24 0.305329553831
0 25 0.815154084204
0 26 0.787473892668
0 27 0.353285039051
0 28 0.261305477885
0 29 0.596659170467
0 30 0.781501579416
0 31 0.160576436309
0 32 0.761612320240
0 33 0.415470309579
0 34 0.629013166055
0 35 0.259633626729
0 36 0.939443608953
0 37 0.875090700608
0 38 0.893027280706
0 39 0.795945218198
0 40 0.457114708374
0 41 0.122122627059
0 42 0.115675399708
0 43 0.756548807326
0 44 0.082173804588
0 45 0.091118283116
0 46 0.265384245201
0 47 0.753197328180
0 48 0.008244877242
0 49 0.858960611830
1 0 0.425717974993
1 1 0.227821167249
1 2 0.129073683367
1 3 0.764762286788
1 4 0.752430596010
1 5 0.138512509020
1 6 0.359174885200
1 7 0.866423941122
1 8 0.831601615405
1 9 0.499401598029
1 10 0.885959954139
1 11 0.759542096217
1 12 0.968154671538
1 13 0.112787664355
1 14 0.486408700518
1 15 0.759749348513
1 16 0.165215620754
1 17 0.718766847443
1 18 0.663284087455
1 19 0.355273938397
1 20 0.722573327905
1 21 0.987095658585
1 22 0.590772293454
1 23 0.941378603286
1 24 0.806516043609
1 25 0.278768203674
1 26 0.586013793059
1 27 0.426778050867
1 28 0.692016397622
1 29 0.661710779168
1 30 0.872938058548
1 31 0.090779581302
1 32 0.865138835241
1 33 0.937671748682
1 34 0.825035289921
1 35 0.209036079501
1 36 0.073943713149
1 37 0.343779202060
1 38 0.347425820578
1 39 0.524346258895
1 40 0.290780618519
1 41 0.406615449632
1 42 0.408832818085
1 43 0.587033372514
1 44 0.231325756393
1 45 0.201574991227
1 46 0.471756624594
1 47 0.387672622243
1 48 0.759735050198
1 49 0.080084778918
2 0 0.423847233776
2 1 0.300500945026
2 2 0.072175858347
2 3 0.230218436331
2 4 0.535552285418
2 5 0.760940268413
2 6 0.041696379428
2 7 0.015644706000
2 8 0.750133504951
2 9 0.233783720009
2 10 0.091705106669
2 11 0.651967974932
2 12 0.469281350273
2 13 0.237979935569
2 14 0.609036457470
2 15 0.457356770821
2 16 0.643645526039
2 17 0.315503113752
2 18 0.550928858006
2 19 0.945345259866
2 20 0.281452497942
2 21 0.308154554713
2 22 0.725239358879
2 23 0.535044429477
2 24 0.581588916713
2 25 0.700189845936
2 26 0.561047315826
2 27 0.227739281502
2 28 0.082864215355
2 29 0.322501162862
2 30 0.338257839885
2 31 0.590789425334
2 32 0.421426048897
2 33 0.230260138402
2 34 0.939308991624
2 35 0.488881427490
2 36 0.267083031642
2 37 0.687674326097
2 38 0.442939799787
2 39 0.590930903301
2 40 0.382487520859
2 41 0.627638631022
2 42 0.481578405319
2 43 0.973655526369
2 44 0.835916678734
2 45 0.646666515973
2 46 0.246975826597
2 47 0.050060298081
2 48 0.877875605987
2 49 0.762067916336
0 0 5
0 1 7
0 2 8
0 3 13
0 4 6
0 5 10
0 6 10
0 7 10
0 8 10
0 9 11
0 10 5
0 11 8
0 12 11
0 13 11
0 14 12
0 15 6
0 16 11
0 17 12
0 18 12
0 19 10
0 20 11
0 21 11
0 22 12
0 23 13
0 24 13
0 25 7
0 26 5
0 27 10
0 28 10
0 29 7
0 30 9
0 31 12
0 32 10
0 33 10
0 34 9
0 35 6
0 36 13
0 37 12
0 38 11
0 39 6
0 40 7
0 41 9
0 42 6
0 43 9
0 44 7
0 45 13
0 46 13
0 47 10
0 48 8
0 49 10
1 0 4
1 1 4
1 2 8
1 3 11
1 4 5
1 5 9
1 6 9
1 7 11
1 8 8
1 9 10
1 10 4
1 11 5
1 12 9
1 13 12
1 14 10
1 15 7
1 16 10
1 17 11
1 18 10
1 19 9
1 20 10
1 21 10
1 22 11
1 23 10
1 24 10
1 25 6
1 26 4
1 27 10
1 28 9
1 29 5
1 30 8
1 31 11
1 32 11
1 33 11
1 34 7
1 35 4
1 36 10
1 37 10
1 38 11
1 39 4
1 40 7
1 41 10
1 42 6
1 43 8
1 44 6
1 45 11
1 46 11
1 47 11
1 48 7
1 49 10
2 0 3
2 1 4
2 2 6
2 3 11
2 4 5
2 5 10
2 6 9
2 7 10
2 8 9
2 9 8
2 10 4
2 11 4
2 12 8
2 13 9
2 14 9
2 15 4
2 16 7
2 17 10
2 18 8
2 19 7
2 20 9
2 21 8
2 22 9
2 23 9
2 24 10
2 25 3
2 26 4
2 27 10
2 28 10
2 29 4
2 30 7
2 31 9
2 32 8
2 33 8
2 34 7
2 35 3
2 36 9
2 37 10
2 38 9
2 39 5
2 40 7
2 41 7
2 42 5
2 43 7
2 44 3
2 45 10
2 46 11
2 47 10
2 48 6
2 49 10
