3 50 10 6 10.0 3.0 1.0 95
8 184 4
6 104 8
0 20 3
2 89 8
0 34 7
6 66 8
4 127 8
7 85 8
1 69 3
2 128 3
6 34 3
0 28 5
3 8 3
5 77 3
7 46 6
4 55 8
1 89 8
9 235 8
6 176 7
7 115 3
8 154 8
8 14 8
5 42 4
5 4 9
1 24 9
0 99 7
7 178 7
4 103 7
6 176 5
4 163 3
3 93 6
1 6 5
5 26 9
9 52 3
8 212 3
5 62 9
2 53 7
3 64 8
7 89 8
4 133 6
2 119 9
0 72 8
1 41 9
9 165 7
2 19 5
3 135 7
9 72 8
9 30 4
8 61 7
3 147 7
0 0 0.429570469097
0 1 0.454374378205
0 2 0.301074048134
0 3 0.334762681863
0 4 0.675917111034
0 5 0.935862841048
0 6 0.902758820983
0 7 0.646467437884
0 8 0.843419537684
0 9 0.770943966897
0 10 0.405668883425
0 11 0.906968446364
0 12 0.408126227177
0 13 0.373878996301
0 14 0.639214212909
0 15 0.956142481884
0 16 0.768047373116
0 17 0.693823204019
0 18 0.398429185465
0 19 0.036439155681
0 20 0.327119905409
0 21 0.125740283528
0 22 0.791262859290
0 23 0.259195028191
0 24 0.761171454476
0 25 0.730475058931
0 26 0.934803543459
0 27 0.595804836828
0 28 0.965514838611
0 29 0.165500361014
0 30 0.414187562594
0 31 0.790960238921
0 32 0.843303949047
0 33 0.337641473599
0 34 0.835758122395
0 35 0.666725240807
0 36 0.025556371442
0 37 0.634647481353
0 38 0.754642719201
0 39 0.865218257526
0 40 0.164513177065
0 41 0.917836548691
0 42 0.601340162036
0 43 0.079204911678
0 44 0.869558829005
0 45 0.334942832740
0 46 0.815432451365
0 47 0.653079407715
0 48 0.294099542915
0 49 0.755818296965
1 0 0.990955367339
1 1 0.020546161656
1 2 0.729080568417
1 3 0.242051438148
1 4 0.241123140860
1 5 0.676552328578
1 6 0.862307733657
1 7 0.264989002289
1 8 0.357385876978
1 9 0.461196185865
1 10 0.260866954254
1 11 0.089289682493
1 12 0.712737957464
1 13 0.077786508985
1 14 0.242214903524
1 15 0.883630787000
1 16 0.277833739350
1 17 0.806029199326
1 18 0.853682235953
1 19 0.550510594775
1 20 0.383585514561
1 21 0.843170338137
1 22 0.875820851983
1 23 0.216797678393
1 24 0.218302878437
1 25 0.965859247962
1 26 0.106225977357
1 27 0.844390522961
1 28 0.656747638358
1 29 0.697793588113
1 30 0.841255117807
1 31 0.703559820120
1 32 0.428340189041
1 33 0.417333191484
1 34 0.814038202133
1 35 0.043618122810
1 36 0.576807143799
1 37 0.958565949582
1 38 0.955827141805
1 39 0.653919826132
1 40 0.627549346047
1 41 0.633312612438
1 42 0.287661063301
1 43 0.726280194748
1 44 0.434969026444
1 45 0.636934944840
1 46 0.636247623388
1 47 0.246526993244
1 48 0.121074345942
1 49 0.740692432673
2 0 0.941995633204
2 1 0.190551826286
2 2 0.343034220116
2 3 0.773525804890
2 4 0.914162362578
2 5 0.246710896614
2 6 0.460303582813
2 7 0.179048691765
2 8 0.822168586628
2 9 0.350326933341
2 10 0.177278811600
2 11 0.505928518597
2 12 0.535071075655
2 13 0.256641806505
2 14 0.143625929405
2 15 0.500570757829
2 16 0.699294603865
2 17 0.378284218190
2 18 0.428414893825
2 19 0.784309425857
2 20 0.831383130228
2 21 0.090358971715
2 22 0.947336783498
2 23 0.131173291160
2 24 0.829559552029
2 25 0.168235292585
2 26 0.491258261372
2 27 0.867939412994
2 28 0.583947137854
2 29 0.737911185807
2 30 0.758765757790
2 31 0.521274279301
2 32 0.620196848131
2 33 0.964323235978
2 34 0.856975972168
2 35 0.942881310687
2 36 0.585657941389
2 37 0.074647773315
2 38 0.993323048544
2 39 0.136392009103
2 40 0.616993365553
2 41 0.807414943939
2 42 0.110085930400
2 43 0.703053201690
2 44 0.164350571822
2 45 0.751550585239
2 46 0.740201411606
2 47 0.941999464813
2 48 0.296566420294
2 49 0.276297839161
0 0 5
0 1 9
0 2 4
0 3 11
0 4 9
0 5 11
0 6 11
0 7 9
0 8 5
0 9 4
0 10 4
0 11 7
0 12 6
0 13 5
0 14 8
0 15 9
0 16 11
0 17 10
0 18 8
0 19 6
0 20 11
0 21 10
0 22 7
0 23 11
0 24 10
0 25 10
0 26 10
0 27 9
0 28 6
0 29 4
0 30 9
0 31 6
0 32 10
0 33 4
0 34 4
0 35 10
0 36 8
0 37 9
0 38 9
0 39 8
0 40 11
0 41 9
0 42 12
0 43 10
0 44 6
0 45 8
0 46 9
0 47 6
0 48 9
0 49 9
1 0 8
1 1 11
1 2 6
1 3 10
1 4 9
1 5 10
1 6 12
1 7 12
1 8 6
1 9 5
1 10 7
1 11 9
1 12 7
1 13 7
1 14 9
1 15 10
1 16 11
1 17 12
1 18 11
1 19 7
1 20 12
1 21 11
1 22 6
1 23 13
1 24 12
1 25 11
1 26 11
1 27 10
1 28 9
1 29 6
1 30 10
1 31 7
1 32 13
1 33 6
1 34 7
1 35 13
1 36 11
1 37 11
1 38 10
1 39 10
1 40 13
1 41 10
1 42 12
1 43 10
1 44 7
1 45 11
1 46 10
1 47 7
1 48 10
1 49 9
2 0 8
2 1 12
2 2 6
2 3 12
2 4 12
2 5 11
2 6 13
2 7 13
2 8 6
2 9 8
2 10 8
2 11 8
2 12 7
2 13 8
2 14 11
2 15 13
2 16 11
2 17 13
2 18 11
2 19 7
2 20 13
2 21 11
2 22 7
2 23 14
2 24 13
2 25 10
2 26 10
2 27 12
2 28 8
2 29 6
2 30 10
2 31 10
2 32 12
2 33 6
2 34 6
2 35 14
2 36 12
2 37 12
2 38 13
2 39 10
2 40 13
2 41 13
2 42 13
2 43 11
2 44 9
2 45 10
2 46 13
2 47 7
2 48 11
2 49 12
