3 50 10 6 10.0 3.0 1.0 95
6 78 3
8 168 8
8 182 5
9 225 8
8 212 3
8 100 9
2 53 3
5 22 8
5 180 3
9 182 9
3 46 8
6 54 8
6 148 7
4 35 9
3 142 7
2 60 9
4 142 9
2 124 5
7 117 3
0 47 3
7 89 8
1 107 8
3 3 8
1 14 5
2 113 9
6 124 7
7 186 7
0 64 5
0 9 7
7 180 4
9 192 9
9 248 3
1 16 3
5 182 8
6 4 4
0 56 9
8 189 7
2 32 9
3 84 3
9 222 4
1 21 8
5 46 9
4 102 7
4 15 3
5 6 6
4 95 5
0 82 7
3 10 5
1 33 7
7 210 9
0 0 0.923236820159
0 1 0.658478797897
0 2 0.916402982513
0 3 0.135438062373
0 4 0.711865074248
0 5 0.547379020692
0 6 0.629067959817
0 7 0.598051788169
0 8 0.168880475765
0 9 0.832744124459
0 10 0.297685454547
0 11 0.905527227235
0 12 0.664964111471
0 13 0.111659646763
0 14 0.822606006873
0 15 0.994240110253
0 16 0.341793128890
0 17 0.272901858165
0 18 0.259414695926
0 19 0.310262423911
0 20 0.932537155468
0 21 0.391714319937
0 22 0.121376155394
0 23 0.758580761329
0 24 0.879841620582
0 25 0.434792068892
0 26 0.686644295321
0 27 0.847211145623
0 28 0.106776842085
0 29 0.009908816046
0 30 0.512099589694
0 31 0.748731415084
0 32 0.664500770078
0 33 0.735233282354
0 34 0.067787438996
0 35 0.458369110527
0 36 0.027501947789
0 37 0.114371530534
0 38 0.064367797995
0 39 0.951181094554
0 40 0.774345983750
0 41 0.997417992547
0 42 0.482689504774
0 43 0.566899430647
0 44 0.084365930799
0 45 0.819039824284
0 46 0.819019008894
0 47 0.834275016683
0 48 0.324937286016
0 49 0.867110976711
1 0 0.973341062873
1 1 0.451252821117
1 2 0.711830405014
1 3 0.762517050035
1 4 0.303762800944
1 5 0.264526136964
1 6 0.751313226656
1 7 0.646424865352
1 8 0.480024240645
1 9 0.636251704900
1 10 0.901142190223
1 11 0.843750774236
1 12 0.872847222880
1 13 0.095687734677
1 14 0.078421289780
1 15 0.722986756737
1 16 0.736351524615
1 17 0.176431072205
1 18 0.112737897712
1 19 0.969147865953
1 20 0.402440525432
1 21 0.999188975147
1 22 0.995863782276
1 23 0.605738005761
1 24 0.417513559111
1 25 0.202164224748
1 26 0.959883611712
1 27 0.810073692147
1 28 0.371975052395
1 29 0.817568382104
1 30 0.346004430193
1 31 0.527037552002
1 32 0.606819017333
1 33 0.205162509307
1 34 0.857887349974
1 35 0.480769489619
1 36 0.018795364115
1 37 0.603148167863
1 38 0.954299781391
1 39 0.719303019861
1 40 0.610690741017
1 41 0.407269020149
1 42 0.268874784933
1 43 0.940658052118
1 44 0.889490826258
1 45 0.199201635078
1 46 0.922517930773
1 47 0.346940768409
1 48 0.668873781934
1 49 0.543582192093
2 0 0.920476413461
2 1 0.139391122366
2 2 0.694962124945
2 3 0.074573877691
2 4 0.514758093013
2 5 0.076758429925
2 6 0.312620631718
2 7 0.333529932353
2 8 0.887258648861
2 9 0.610863979631
2 10 0.586651833412
2 11 0.241014261209
2 12 0.750123735992
2 13 0.175103435820
2 14 0.798500298254
2 15 0.393279763963
2 16 0.962067670348
2 17 0.339519308280
2 18 0.166890172183
2 19 0.830389619687
2 20 0.516972530062
2 21 0.977686028909
2 22 0.486750290477
2 23 0.919638644167
2 24 0.331667772708
2 25 0.963391355111
2 26 0.117101920041
2 27 0.630097879520
2 28 0.515867997446
2 29 0.222137189927
2 30 0.926901757578
2 31 0.401807462116
2 32 0.111018520622
2 33 0.432336814657
2 34 0.079456808153
2 35 0.725266259290
2 36 0.510398888642
2 37 0.807055427034
2 38 0.721712907460
2 39 0.422389470360
2 40 0.991557713808
2 41 0.422562629288
2 42 0.244505295247
2 43 0.086492361570
2 44 0.384237051703
2 45 0.739999860913
2 46 0.477028851775
2 47 0.882050738317
2 48 0.703664068798
2 49 0.717651302527
0 0 5
0 1 8
0 2 7
0 3 9
0 4 4
0 5 10
0 6 5
0 7 10
0 8 3
0 9 9
0 10 9
0 11 10
0 12 7
0 13 9
0 14 7
0 15 10
0 16 11
0 17 5
0 18 4
0 19 5
0 20 8
0 21 8
0 22 10
0 23 5
0 24 11
0 25 7
0 26 9
0 27 6
0 28 7
0 29 4
0 30 10
0 31 4
0 32 3
0 33 8
0 34 5
0 35 9
0 36 8
0 37 11
0 38 4
0 39 5
0 40 10
0 41 11
0 42 9
0 43 3
0 44 7
0 45 7
0 46 7
0 47 5
0 48 8
0 49 11
1 0 4
1 1 10
1 2 6
1 3 9
1 4 5
1 5 12
1 6 6
1 7 11
1 8 6
1 9 10
1 10 11
1 11 11
1 12 8
1 13 10
1 14 10
1 15 11
1 16 10
1 17 7
1 18 6
1 19 4
1 20 9
1 21 9
1 22 10
1 23 7
1 24 12
1 25 8
1 26 10
1 27 7
1 28 10
1 29 7
1 30 11
1 31 6
1 32 4
1 33 9
1 34 5
1 35 11
1 36 10
1 37 12
1 38 5
1 39 6
1 40 9
1 41 11
1 42 9
1 43 4
1 44 8
1 45 8
1 46 10
1 47 6
1 48 8
1 49 12
2 0 6
2 1 10
2 2 7
2 3 11
2 4 6
2 5 12
2 6 6
2 7 9
2 8 4
2 9 11
2 10 9
2 11 11
2 12 8
2 13 10
2 14 10
2 15 10
2 16 11
2 17 6
2 18 4
2 19 4
2 20 10
2 21 11
2 22 10
2 23 6
2 24 11
2 25 10
2 26 10
2 27 6
2 28 9
2 29 6
2 30 11
2 31 6
2 32 6
2 33 10
2 34 5
2 35 10
2 36 10
2 37 12
2 38 6
2 39 6
2 40 10
2 41 12
2 42 8
2 43 6
2 44 9
2 45 8
2 46 9
2 47 8
2 48 9
2 49 12
