3 50 10 6 10.0 3.0 1.0 95
7 141 3
1 27 7
5 136 3
3 50 3
8 152 8
7 80 6
9 122 4
2 49 7
6 92 8
8 5 9
4 118 7
9 120 9
7 160 7
8 70 3
0 16 9
3 46 6
2 27 9
9 72 7
2 43 7
6 120 6
3 39 8
0 95 3
0 85 4
9 235 3
2 39 3
5 55 7
1 64 5
6 46 3
7 56 9
7 46 7
3 16 9
9 248 7
0 63 9
5 114 8
6 192 9
6 36 7
5 33 9
0 13 9
4 147 3
4 38 9
8 21 6
3 57 7
1 69 8
4 22 5
4 87 7
2 35 4
1 9 7
1 72 3
8 128 7
5 136 5
0 0 0.241422048211
0 1 0.328038000088
0 2 0.588910619100
0 3 0.795111570433
0 4 0.481175611228
0 5 0.576170773414
0 6 0.590095964513
0 7 0.797838222325
0 8 0.778068102222
0 9 0.666614097597
0 10 0.511223245535
0 11 0.536347516282
0 12 0.173287357078
0 13 0.675709866937
0 14 0.908076366455
0 15 0.535479909581
0 16 0.184284043080
0 17 0.091441307044
0 18 0.571044219401
0 19 0.824585390913
0 20 0.157289155580
0 21 0.658647425615
0 22 0.092017732896
0 23 0.948403620495
0 24 0.095856207709
0 25 0.429423380364
0 26 0.626974362011
0 27 0.770357034029
0 28 0.473252852349
0 29 0.279720448442
0 30 0.248448337891
0 31 0.097836719965
0 32 0.754505298310
0 33 0.525197428084
0 34 0.800931232369
0 35 0.307122603991
0 36 0.619121610755
0 37 0.999130791628
0 38 0.747972817451
0 39 0.538561749781
0 40 0.423314014628
0 41 0.019695623300
0 42 0.815160887515
0 43 0.096077966251
0 44 0.099253142667
0 45 0.232763121762
0 46 0.372853588722
0 47 0.104934778741
0 48 0.622692213648
0 49 0.341690557560
1 0 0.981946334501
1 1 0.449251886411
1 2 0.439234473201
1 3 0.315697694623
1 4 0.464834043373
1 5 0.548745931003
1 6 0.473016814814
1 7 0.953765253269
1 8 0.478160540644
1 9 0.294968200318
1 10 0.615807769412
1 11 0.515765693035
1 12 0.314245938144
1 13 0.547565212472
1 14 0.464328338443
1 15 0.235642751677
1 16 0.935204902391
1 17 0.476672990480
1 18 0.661056728438
1 19 0.474710873176
1 20 0.178209129993
1 21 0.060612402244
1 22 0.747733351255
1 23 0.596008914043
1 24 0.604192264243
1 25 0.600616890682
1 26 0.757961667688
1 27 0.207556579774
1 28 0.115813517434
1 29 0.889673542974
1 30 0.939390032992
1 31 0.515941752070
1 32 0.109727291424
1 33 0.389661256604
1 34 0.348634919635
1 35 0.770682498825
1 36 0.257855211253
1 37 0.251909958683
1 38 0.930354470104
1 39 0.378915072427
1 40 0.176944804542
1 41 0.229696415892
1 42 0.281206659571
1 43 0.718593817889
1 44 0.405451556638
1 45 0.867640697213
1 46 0.618545006964
1 47 0.545132493623
1 48 0.278089536232
1 49 0.200095216471
2 0 0.321426423462
2 1 0.184933820295
2 2 0.187802774528
2 3 0.895837355430
2 4 0.598416311507
2 5 0.779135792067
2 6 0.392612172185
2 7 0.502358841937
2 8 0.955618080565
2 9 0.594184303493
2 10 0.716923524451
2 11 0.332647841044
2 12 0.793857629110
2 13 0.687310574008
2 14 0.575552038347
2 15 0.118532078446
2 16 0.197912943973
2 17 0.543634538868
2 18 0.289553560825
2 19 0.493737165632
2 20 0.756447000639
2 21 0.238433078523
2 22 0.235845453665
2 23 0.667017024688
2 24 0.457014145121
2 25 0.863048832517
2 26 0.663382571906
2 27 0.508226910919
2 28 0.359953644025
2 29 0.762575162274
2 30 0.025797377876
2 31 0.652573807676
2 32 0.950040169815
2 33 0.813372311659
2 34 0.977377527636
2 35 0.785614476516
2 36 0.506390489546
2 37 0.147466881914
2 38 0.484777203062
2 39 0.417814809522
2 40 0.816158574211
2 41 0.795215189955
2 42 0.613443768231
2 43 0.742045719721
2 44 0.109840266629
2 45 0.478815906662
2 46 0.227075488357
2 47 0.699699584147
2 48 0.280929816695
2 49 0.309328962604
0 0 7
0 1 11
0 2 7
0 3 8
0 4 13
0 5 9
0 6 7
0 7 10
0 8 11
0 9 13
0 10 11
0 11 12
0 12 10
0 13 6
0 14 14
0 15 11
0 16 14
0 17 10
0 18 11
0 19 10
0 20 12
0 21 6
0 22 8
0 23 7
0 24 8
0 25 10
0 26 10
0 27 8
0 28 13
0 29 11
0 30 13
0 31 12
0 32 14
0 33 13
0 34 14
0 35 10
0 36 14
0 37 13
0 38 8
0 39 13
0 40 10
0 41 12
0 42 11
0 43 10
0 44 10
0 45 7
0 46 12
0 47 6
0 48 10
0 49 10
1 0 4
1 1 8
1 2 5
1 3 4
1 4 11
1 5 8
1 6 7
1 7 8
1 8 11
1 9 10
1 10 9
1 11 11
1 12 9
1 13 5
1 14 11
1 15 9
1 16 11
1 17 9
1 18 8
1 19 8
1 20 9
1 21 4
1 22 6
1 23 6
1 24 5
1 25 10
1 26 6
1 27 6
1 28 10
1 29 8
1 30 11
1 31 9
1 32 12
1 33 10
1 34 12
1 35 8
1 36 12
1 37 10
1 38 5
1 39 11
1 40 9
1 41 10
1 42 9
1 43 8
1 44 9
1 45 6
1 46 8
1 47 4
1 48 8
1 49 6
2 0 6
2 1 12
2 2 7
2 3 6
2 4 11
2 5 11
2 6 8
2 7 11
2 8 12
2 9 12
2 10 12
2 11 14
2 12 10
2 13 7
2 14 13
2 15 9
2 16 12
2 17 11
2 18 10
2 19 11
2 20 11
2 21 6
2 22 7
2 23 6
2 24 8
2 25 10
2 26 8
2 27 8
2 28 14
2 29 10
2 30 12
2 31 12
2 32 12
2 33 12
2 34 13
2 35 10
2 36 13
2 37 12
2 38 7
2 39 13
2 40 9
2 41 10
2 42 11
2 43 9
2 44 11
2 45 7
2 46 10
2 47 7
2 48 11
2 49 9
