3 50 10 6 10.0 3.0 1.0 95
2 57 3
3 138 8
8 182 8
8 40 3
8 147 6
3 60 3
6 20 7
4 42 9
2 31 7
4 93 9
0 44 9
2 68 8
2 72 6
8 107 9
1 116 4
1 70 9
9 158 4
3 104 8
0 45 4
9 152 9
6 144 8
7 39 4
6 102 6
7 56 7
0 88 9
6 28 3
7 143 3
0 6 3
5 128 7
4 102 9
7 154 7
8 131 8
4 112 3
6 154 7
1 113 7
2 8 9
7 178 7
5 18 3
5 57 7
3 126 7
9 70 8
3 26 6
0 51 9
9 112 8
4 117 6
9 28 3
5 9 4
1 19 8
5 51 7
1 43 3
0 0 0.821419514226
0 1 0.868919047542
0 2 0.724201922957
0 3 0.587530552553
0 4 0.934502080340
0 5 0.638759827121
0 6 0.010594776906
0 7 0.823018628751
0 8 0.890065771607
0 9 0.822804763989
0 10 0.346833592040
0 11 0.516907313375
0 12 0.892863848000
0 13 0.218449286628
0 14 0.372327046970
0 15 0.845618457842
0 16 0.873489421702
0 17 0.562907011238
0 18 0.348212113368
0 19 0.620330917910
0 20 0.533341958254
0 21 0.605854209984
0 22 0.058644009577
0 23 0.867182271876
0 24 0.764467973776
0 25 0.763148660336
0 26 0.965916372891
0 27 0.618491588087
0 28 0.117545755235
0 29 0.306466264503
0 30 0.472102113215
0 31 0.910439510932
0 32 0.346926115329
0 33 0.623915480063
0 34 0.681998031318
0 35 0.147410404374
0 36 0.640125472652
0 37 0.587720257489
0 38 0.230155472480
0 39 0.178733153531
0 40 0.008906337525
0 41 0.267284577885
0 42 0.722355479859
0 43 0.727356564983
0 44 0.291165332982
0 45 0.185145088245
0 46 0.600503741596
0 47 0.606798439038
0 48 0.550713085984
0 49 0.782362654801
1 0 0.714531932278
1 1 0.037529485038
1 2 0.905560088849
1 3 0.359126040401
1 4 0.161198804556
1 5 0.192983995775
1 6 0.531138177302
1 7 0.839880694799
1 8 0.440534273224
1 9 0.815644932138
1 10 0.661329544722
1 11 0.659936358203
1 12 0.352585888723
1 13 0.609493583106
1 14 0.482117018554
1 15 0.289662919118
1 16 0.736929527389
1 17 0.573999037854
1 18 0.993061164062
1 19 0.767014576123
1 20 0.334633503455
1 21 0.348660396094
1 22 0.080967822845
1 23 0.547729092598
1 24 0.019257560301
1 25 0.552819045025
1 26 0.663759347529
1 27 0.341731471368
1 28 0.368072387622
1 29 0.392212767477
1 30 0.092783216306
1 31 0.129423362581
1 32 0.248064712769
1 33 0.599053904733
1 34 0.270793771101
1 35 0.168891978946
1 36 0.001529013225
1 37 0.135658877709
1 38 0.805363930793
1 39 0.045075083500
1 40 0.660759498135
1 41 0.778403844530
1 42 0.019922628016
1 43 0.016677428059
1 44 0.259191348281
1 45 0.602902132250
1 46 0.969653000399
1 47 0.772145458935
1 48 0.850058081449
1 49 0.945701967522
2 0 0.505582735691
2 1 0.527140154677
2 2 0.361629668722
2 3 0.703066982239
2 4 0.733439361340
2 5 0.285957661986
2 6 0.355188119245
2 7 0.340488393507
2 8 0.300856311118
2 9 0.270050108295
2 10 0.453535759996
2 11 0.243677511165
2 12 0.851654219952
2 13 0.679738160514
2 14 0.051895513268
2 15 0.339646290956
2 16 0.568733225777
2 17 0.945782365523
2 18 0.929612002284
2 19 0.214305979717
2 20 0.949142420206
2 21 0.540266262941
2 22 0.892154685370
2 23 0.392713639515
2 24 0.120049658221
2 25 0.045462211395
2 26 0.705391499241
2 27 0.744900183825
2 28 0.026925791832
2 29 0.599581277565
2 30 0.590459008864
2 31 0.212683933663
2 32 0.372096612844
2 33 0.472039921732
2 34 0.712621765756
2 35 0.207174636973
2 36 0.097913789015
2 37 0.729063897679
2 38 0.016935199855
2 39 0.275706770671
2 40 0.283646575545
2 41 0.939167411452
2 42 0.252146340005
2 43 0.397435134996
2 44 0.991529791423
2 45 0.414280344199
2 46 0.055361234642
2 47 0.072962649031
2 48 0.294238156612
2 49 0.558465435846
0 0 6
0 1 11
0 2 12
0 3 8
0 4 9
0 5 8
0 6 11
0 7 12
0 8 12
0 9 14
0 10 14
0 11 11
0 12 11
0 13 14
0 14 7
0 15 13
0 16 8
0 17 13
0 18 7
0 19 13
0 20 11
0 21 7
0 22 9
0 23 11
0 24 12
0 25 6
0 26 6
0 27 6
0 28 10
0 29 13
0 30 11
0 31 11
0 32 6
0 33 12
0 34 11
0 35 13
0 36 12
0 37 7
0 38 12
0 39 11
0 40 12
0 41 10
0 42 13
0 43 12
0 44 9
0 45 6
0 46 7
0 47 11
0 48 10
0 49 7
1 0 5
1 1 11
1 2 10
1 3 5
1 4 9
1 5 6
1 6 10
1 7 10
1 8 9
1 9 11
1 10 10
1 11 11
1 12 8
1 13 11
1 14 7
1 15 10
1 16 5
1 17 9
1 18 6
1 19 10
1 20 11
1 21 6
1 22 7
1 23 8
1 24 12
1 25 4
1 26 6
1 27 6
1 28 9
1 29 11
1 30 8
1 31 10
1 32 5
1 33 10
1 34 8
1 35 10
1 36 9
1 37 4
1 38 10
1 39 10
1 40 10
1 41 7
1 42 12
1 43 11
1 44 7
1 45 5
1 46 5
1 47 9
1 48 10
1 49 6
2 0 4
2 1 9
2 2 10
2 3 3
2 4 6
2 5 3
2 6 9
2 7 11
2 8 8
2 9 11
2 10 10
2 11 10
2 12 7
2 13 10
2 14 4
2 15 11
2 16 4
2 17 9
2 18 4
2 19 11
2 20 10
2 21 4
2 22 6
2 23 7
2 24 9
2 25 4
2 26 4
2 27 4
2 28 8
2 29 11
2 30 7
2 31 10
2 32 4
2 33 7
2 34 7
2 35 9
2 36 7
2 37 3
2 38 8
2 39 9
2 40 8
2 41 8
2 42 9
2 43 10
2 44 8
2 45 4
2 46 5
2 47 8
2 48 7
2 49 4
