3 50 10 6 10.0 3.0 1.0 95
8 84 8
5 13 6
5 4 7
3 44 6
0 7 9
6 178 3
4 13 8
9 212 8
7 78 3
7 143 8
2 9 8
4 118 9
6 8 9
1 22 3
8 166 3
5 26 9
5 44 3
3 147 7
2 76 9
4 142 6
6 54 8
2 1 6
0 60 3
7 106 7
8 91 9
3 140 3
1 91 8
1 66 9
5 182 8
0 99 5
3 52 8
9 98 3
1 6 4
6 90 7
0 57 9
1 103 7
2 87 3
8 226 6
8 182 9
4 58 7
7 69 7
9 75 4
4 13 3
6 54 5
9 155 9
0 24 9
3 57 7
7 154 6
9 170 7
2 49 9
0 0 0.068113445518
0 1 0.422555333841
0 2 0.635144481574
0 3 0.774199040057
0 4 0.823199650398
0 5 0.496331482715
0 6 0.217325357934
0 7 0.207633472265
0 8 0.819868665317
0 9 0.578964323268
0 10 0.601979756846
0 11 0.696366821619
0 12 0.278609070575
0 13 0.405070594454
0 14 0.442897235501
0 15 0.240030243174
0 16 0.689834550561
0 17 0.210170600365
0 18 0.385124379552
0 19 0.667622585629
0 20 0.265844460385
0 21 0.209619440940
0 22 0.236766497919
0 23 0.230306355620
0 24 0.830504416330
0 25 0.884046103326
0 26 0.012802162175
0 27 0.306116018768
0 28 0.729547391161
0 29 0.190836538560
0 30 0.559374675156
0 31 0.364485149227
0 32 0.366780824504
0 33 0.980361010425
0 34 0.064123449095
0 35 0.709429149166
0 36 0.200626657387
0 37 0.495841781544
0 38 0.738691275027
0 39 0.074583296297
0 40 0.201707204277
0 41 0.434613590365
0 42 0.548463975776
0 43 0.131299745053
0 44 0.011120866468
0 45 0.590939886027
0 46 0.700238456252
0 47 0.623744537769
0 48 0.063320877806
0 49 0.099198869290
1 0 0.335070918906
1 1 0.602777564824
1 2 0.069467239955
1 3 0.229923615008
1 4 0.838376346713
1 5 0.170012725717
1 6 0.814819027383
1 7 0.104329285852
1 8 0.247702934829
1 9 0.069825852900
1 10 0.280999814669
1 11 0.940233251026
1 12 0.255260230076
1 13 0.363581844491
1 14 0.600189721850
1 15 0.609436397516
1 16 0.527780284761
1 17 0.509834808580
1 18 0.012962014254
1 19 0.727516176886
1 20 0.420487190693
1 21 0.535498586545
1 22 0.513116608233
1 23 0.175229421690
1 24 0.677363667810
1 25 0.427454679771
1 26 0.045394203700
1 27 0.987818056206
1 28 0.295381701174
1 29 0.889673840540
1 30 0.452026831007
1 31 0.644214831113
1 32 0.075065014995
1 33 0.390615886631
1 34 0.072304812154
1 35 0.725780190801
1 36 0.621428918046
1 37 0.605545104711
1 38 0.833802980672
1 39 0.824550318323
1 40 0.062065315738
1 41 0.544446620267
1 42 0.979154589770
1 43 0.995863237232
1 44 0.968049516350
1 45 0.343356301434
1 46 0.900577850916
1 47 0.040411525912
1 48 0.538347642899
1 49 0.580351159183
2 0 0.012349815811
2 1 0.143567253587
2 2 0.032660545962
2 3 0.715938918204
2 4 0.182484065044
2 5 0.973490702722
2 6 0.589251951525
2 7 0.906938647030
2 8 0.253503968020
2 9 0.114984225165
2 10 0.473012546901
2 11 0.394062643658
2 12 0.467242442688
2 13 0.797807939999
2 14 0.613840841854
2 15 0.585280677576
2 16 0.435319921204
2 17 0.385166860466
2 18 0.887478367171
2 19 0.907880449683
2 20 0.766849482725
2 21 0.410982263660
2 22 0.214291081369
2 23 0.142822556686
2 24 0.205346064065
2 25 0.393799030038
2 26 0.983741091121
2 27 0.779346133219
2 28 0.919457247746
2 29 0.007869932166
2 30 0.911614096874
2 31 0.941632151947
2 32 0.303863226233
2 33 0.728716158362
2 34 0.273561001775
2 35 0.817042948927
2 36 0.379857130089
2 37 0.614319726775
2 38 0.079265382266
2 39 0.284341173360
2 40 0.634868881775
2 41 0.745732871654
2 42 0.232584698521
2 43 0.801628082233
2 44 0.333469315522
2 45 0.163256231165
2 46 0.919783437073
2 47 0.689373214123
2 48 0.928995198341
2 49 0.352131124649
0 0 10
0 1 10
0 2 11
0 3 8
0 4 12
0 5 6
0 6 11
0 7 12
0 8 5
0 9 11
0 10 11
0 11 12
0 12 11
0 13 7
0 14 6
0 15 13
0 16 7
0 17 11
0 18 13
0 19 10
0 20 12
0 21 10
0 22 5
0 23 11
0 24 12
0 25 7
0 26 12
0 27 11
0 28 12
0 29 7
0 30 10
0 31 7
0 32 8
0 33 10
0 34 12
0 35 11
0 36 6
0 37 10
0 38 13
0 39 10
0 40 11
0 41 7
0 42 7
0 43 8
0 44 11
0 45 13
0 46 9
0 47 10
0 48 10
0 49 12
1 0 13
1 1 9
1 2 12
1 3 9
1 4 14
1 5 7
1 6 11
1 7 11
1 8 6
1 9 11
1 10 12
1 11 13
1 12 13
1 13 7
1 14 7
1 15 13
1 16 6
1 17 11
1 18 14
1 19 10
1 20 13
1 21 10
1 22 8
1 23 11
1 24 13
1 25 8
1 26 12
1 27 12
1 28 12
1 29 10
1 30 11
1 31 6
1 32 9
1 33 10
1 34 14
1 35 11
1 36 7
1 37 11
1 38 13
1 39 10
1 40 10
1 41 8
1 42 8
1 43 9
1 44 14
1 45 14
1 46 11
1 47 9
1 48 11
1 49 12
2 0 10
2 1 8
2 2 8
2 3 6
2 4 9
2 5 4
2 6 10
2 7 8
2 8 3
2 9 8
2 10 9
2 11 11
2 12 9
2 13 4
2 14 3
2 15 9
2 16 3
2 17 7
2 18 10
2 19 7
2 20 8
2 21 7
2 22 4
2 23 9
2 24 10
2 25 3
2 26 8
2 27 9
2 28 9
2 29 6
2 30 10
2 31 5
2 32 6
2 33 9
2 34 10
2 35 9
2 36 3
2 37 6
2 38 9
2 39 9
2 40 8
2 41 4
2 42 3
2 43 5
2 44 10
2 45 9
2 46 9
2 47 6
2 48 7
2 49 9
