3 50 10 6 10.0 3.0 1.0 95
2 29 6
9 35 3
4 47 3
2 15 3
8 198 7
2 13 7
0 94 7
3 66 3
5 121 9
9 212 9
7 50 3
4 155 7
5 99 3
3 90 9
6 174 8
0 63 5
2 97 7
1 20 3
8 166 7
0 50 8
5 112 7
4 23 7
3 51 7
4 95 8
1 75 8
9 165 8
4 132 6
6 58 7
5 128 9
0 56 3
7 46 9
1 4 9
3 102 8
6 162 7
8 51 8
7 87 7
6 40 5
2 116 8
8 187 3
0 71 7
1 84 9
6 88 3
8 184 4
9 160 9
7 61 7
1 51 4
9 130 5
5 176 5
7 48 4
3 98 5
0 0 0.562665254808
0 1 0.245175063198
0 2 0.770322083998
0 3 0.803639439965
0 4 0.289803515435
0 5 0.390691022460
0 6 0.453495419381
0 7 0.947846442165
0 8 0.908288186521
0 9 0.098852921322
0 10 0.777450734804
0 11 0.941796447254
0 12 0.695243687357
0 13 0.219876862401
0 14 0.475264144320
0 15 0.089932893771
0 16 0.611242241358
0 17 0.101119926212
0 18 0.959438852753
0 19 0.859032278366
0 20 0.507464179781
0 21 0.240519536135
0 22 0.233707517365
0 23 0.947381720325
0 24 0.268998246623
0 25 0.048571707571
0 26 0.904157798412
0 27 0.757141114706
0 28 0.405156128086
0 29 0.289681785586
0 30 0.563539743502
0 31 0.164264966212
0 32 0.276886384832
0 33 0.283329631139
0 34 0.673473218474
0 35 0.578471123923
0 36 0.708930570125
0 37 0.031109993741
0 38 0.474059008828
0 39 0.470169964880
0 40 0.387940070040
0 41 0.492053749746
0 42 0.301445368123
0 43 0.042230232499
0 44 0.164977637668
0 45 0.296971839048
0 46 0.115338125234
0 47 0.234126015161
0 48 0.721954777083
0 49 0.808422267743
1 0 0.251415597905
1 1 0.964030245816
1 2 0.870249855348
1 3 0.800772374427
1 4 0.524375347080
1 5 0.950152964052
1 6 0.845425189069
1 7 0.124244069325
1 8 0.025760698502
1 9 0.061662458497
1 10 0.146685153892
1 11 0.915275038477
1 12 0.476061182527
1 13 0.734891674588
1 14 0.938438060445
1 15 0.370336895604
1 16 0.641110744636
1 17 0.447176621363
1 18 0.823424159423
1 19 0.271711833286
1 20 0.452394954756
1 21 0.134566015545
1 22 0.918623022442
1 23 0.822385123127
1 24 0.355183502320
1 25 0.068017775136
1 26 0.106086068105
1 27 0.983787422622
1 28 0.088182713402
1 29 0.212880568890
1 30 0.875843026162
1 31 0.036422482752
1 32 0.298781159656
1 33 0.788781837208
1 34 0.130091907215
1 35 0.408260665836
1 36 0.540315485156
1 37 0.671323565608
1 38 0.198397194695
1 39 0.189634117220
1 40 0.399102988888
1 41 0.047717673905
1 42 0.990207968589
1 43 0.629378503734
1 44 0.924555801895
1 45 0.791067353490
1 46 0.727875987820
1 47 0.595836307813
1 48 0.847781105104
1 49 0.937167932158
2 0 0.917821753810
2 1 0.803967328062
2 2 0.659841448091
2 3 0.584325034594
2 4 0.154362847422
2 5 0.689773101366
2 6 0.570439814281
2 7 0.543254760726
2 8 0.263909346631
2 9 0.112560784628
2 10 0.425172085559
2 11 0.727349398430
2 12 0.903084184068
2 13 0.216668831830
2 14 0.056987942574
2 15 0.745090063258
2 16 0.463975586742
2 17 0.618723823043
2 18 0.128183897131
2 19 0.946799024802
2 20 0.827654705021
2 21 0.326785430400
2 22 0.022346730509
2 23 0.610239581714
2 24 0.282211865140
2 25 0.896110572948
2 26 0.355568626169
2 27 0.697027921636
2 28 0.840320694903
2 29 0.269041134609
2 30 0.084424200627
2 31 0.580163044420
2 32 0.459691006720
2 33 0.574724447460
2 34 0.062372331989
2 35 0.537004847989
2 36 0.996272837921
2 37 0.967000265397
2 38 0.047579129768
2 39 0.271511490079
2 40 0.979657712389
2 41 0.634583765679
2 42 0.431240060497
2 43 0.903178169808
2 44 0.391703028786
2 45 0.370021133731
2 46 0.897470951296
2 47 0.139179218025
2 48 0.384427700884
2 49 0.043849032450
0 0 7
0 1 4
0 2 4
0 3 4
0 4 9
0 5 8
0 6 9
0 7 5
0 8 9
0 9 10
0 10 4
0 11 9
0 12 4
0 13 11
0 14 8
0 15 6
0 16 8
0 17 5
0 18 8
0 19 8
0 20 8
0 21 7
0 22 9
0 23 9
0 24 10
0 25 9
0 26 7
0 27 8
0 28 10
0 29 5
0 30 10
0 31 11
0 32 9
0 33 7
0 34 10
0 35 8
0 36 6
0 37 9
0 38 4
0 39 9
0 40 9
0 41 3
0 42 6
0 43 11
0 44 7
0 45 6
0 46 6
0 47 6
0 48 4
0 49 6
1 0 8
1 1 6
1 2 5
1 3 5
1 4 9
1 5 8
1 6 8
1 7 6
1 8 11
1 9 10
1 10 6
1 11 10
1 12 4
1 13 10
1 14 10
1 15 6
1 16 10
1 17 4
1 18 9
1 19 10
1 20 9
1 21 10
1 22 10
1 23 10
1 24 10
1 25 11
1 26 7
1 27 8
1 28 12
1 29 6
1 30 10
1 31 11
1 32 9
1 33 10
1 34 9
1 35 9
1 36 6
1 37 11
1 38 5
1 39 9
1 40 10
1 41 5
1 42 6
1 43 12
1 44 10
1 45 7
1 46 8
1 47 6
1 48 5
1 49 8
2 0 9
2 1 6
2 2 7
2 3 6
2 4 11
2 5 11
2 6 11
2 7 6
2 8 14
2 9 12
2 10 7
2 11 12
2 12 7
2 13 12
2 14 11
2 15 9
2 16 10
2 17 6
2 18 11
2 19 12
2 20 12
2 21 12
2 22 10
2 23 12
2 24 11
2 25 11
2 26 9
2 27 11
2 28 13
2 29 7
2 30 12
2 31 12
2 32 13
2 33 12
2 34 13
2 35 11
2 36 10
2 37 13
2 38 7
2 39 10
2 40 14
2 41 7
2 42 8
2 43 13
2 44 11
2 45 9
2 46 9
2 47 9
2 48 8
2 49 9
