3 50 10 6 10.0 3.0 1.0 95
5 33 8
3 132 3
7 121 8
7 178 9
5 176 3
6 124 9
7 154 6
0 21 9
6 140 9
7 208 7
4 65 7
0 53 3
2 16 3
0 35 9
9 218 7
5 178 4
7 202 3
2 31 9
2 27 8
4 160 5
9 182 4
8 217 7
1 58 6
5 105 7
5 117 7
8 182 7
1 114 7
6 34 9
2 11 9
6 22 3
1 97 3
3 100 9
1 104 8
4 123 8
3 135 9
1 92 8
0 49 6
9 70 7
9 2 9
8 42 4
0 12 9
4 42 3
3 75 4
2 40 4
4 92 8
8 28 9
3 124 8
6 150 6
9 105 3
8 114 3
0 0 0.135587251584
0 1 0.031970944078
0 2 0.423229916557
0 3 0.983961069925
0 4 0.244275696531
0 5 0.081455927633
0 6 0.907321595573
0 7 0.322601399620
0 8 0.700456194457
0 9 0.534398222332
0 10 0.050390392300
0 11 0.533409079257
0 12 0.397585873810
0 13 0.565671438110
0 14 0.275500583563
0 15 0.334344785419
0 16 0.833363521337
0 17 0.935297652706
0 18 0.126659657420
0 19 0.771003011986
0 20 0.051802236730
0 21 0.519774682842
0 22 0.623582923450
0 23 0.408228604417
0 24 0.649992715412
0 25 0.151180467688
0 26 0.366801478084
0 27 0.072161179090
0 28 0.049412225136
0 29 0.203018280093
0 30 0.621400496217
0 31 0.189479133476
0 32 0.568032754087
0 33 0.336860407127
0 34 0.375490106068
0 35 0.308470448138
0 36 0.356359517973
0 37 0.718229222949
0 38 0.148343958247
0 39 0.654558402042
0 40 0.711484893304
0 41 0.631754248350
0 42 0.281455936393
0 43 0.264084491944
0 44 0.077064694250
0 45 0.880185254780
0 46 0.339759687245
0 47 0.402528657552
0 48 0.611180710988
0 49 0.629653179538
1 0 0.952773746778
1 1 0.524165596458
1 2 0.602977630374
1 3 0.401630979887
1 4 0.671668201569
1 5 0.184197363408
1 6 0.798643606809
1 7 0.763365135688
1 8 0.825014833366
1 9 0.674534427770
1 10 0.552212650239
1 11 0.965573892117
1 12 0.238656842079
1 13 0.303166723826
1 14 0.629364086405
1 15 0.627334454208
1 16 0.302661497785
1 17 0.989006111326
1 18 0.943504048081
1 19 0.732871990763
1 20 0.294805358021
1 21 0.218398826846
1 22 0.254926224311
1 23 0.290731783086
1 24 0.677319755490
1 25 0.973762288340
1 26 0.632489785110
1 27 0.021829775289
1 28 0.549414852021
1 29 0.760028864909
1 30 0.567193601111
1 31 0.033843318231
1 32 0.540326055344
1 33 0.338996601260
1 34 0.161249372683
1 35 0.768547972888
1 36 0.071580243785
1 37 0.547947517269
1 38 0.647187650588
1 39 0.746915630790
1 40 0.293568202061
1 41 0.792557027698
1 42 0.364249883184
1 43 0.506947442203
1 44 0.414987848566
1 45 0.977129918392
1 46 0.980428427876
1 47 0.350093903101
1 48 0.306975131518
1 49 0.853965652151
2 0 0.737439009323
2 1 0.718645049400
2 2 0.716175000058
2 3 0.806160090051
2 4 0.490882049899
2 5 0.111786529473
2 6 0.639464413373
2 7 0.573580736054
2 8 0.408999719157
2 9 0.010741724526
2 10 0.235930899395
2 11 0.302686516477
2 12 0.721279811332
2 13 0.827916807241
2 14 0.859687790396
2 15 0.852096370273
2 16 0.035992230195
2 17 0.630763570601
2 18 0.546010650173
2 19 0.492578894732
2 20 0.824594327987
2 21 0.318668421193
2 22 0.570420028596
2 23 0.379739061000
2 24 0.920132607266
2 25 0.765799593081
2 26 0.546412210086
2 27 0.897676109455
2 28 0.866671270046
2 29 0.815548914190
2 30 0.532502405603
2 31 0.293834323729
2 32 0.435381509379
2 33 0.720126119329
2 34 0.883934509957
2 35 0.115036310335
2 36 0.259933909783
2 37 0.367822692241
2 38 0.577339065469
2 39 0.750127550433
2 40 0.402728214111
2 41 0.599271515708
2 42 0.279071809554
2 43 0.857839764934
2 44 0.742353804648
2 45 0.457568168741
2 46 0.399542389692
2 47 0.662480042732
2 48 0.353988011314
2 49 0.188505925408
0 0 10
0 1 6
0 2 11
0 3 13
0 4 6
0 5 13
0 6 8
0 7 13
0 8 13
0 9 10
0 10 11
0 11 5
0 12 6
0 13 12
0 14 9
0 15 8
0 16 5
0 17 13
0 18 11
0 19 9
0 20 7
0 21 10
0 22 10
0 23 9
0 24 9
0 25 11
0 26 9
0 27 12
0 28 13
0 29 5
0 30 6
0 31 13
0 32 12
0 33 12
0 34 13
0 35 12
0 36 8
0 37 11
0 38 12
0 39 8
0 40 11
0 41 7
0 42 6
0 43 6
0 44 10
0 45 12
0 46 11
0 47 8
0 48 5
0 49 6
1 0 11
1 1 8
1 2 11
1 3 12
1 4 8
1 5 14
1 6 9
1 7 14
1 8 14
1 9 12
1 10 10
1 11 6
1 12 7
1 13 12
1 14 12
1 15 8
1 16 7
1 17 14
1 18 13
1 19 8
1 20 9
1 21 12
1 22 11
1 23 10
1 24 10
1 25 10
1 26 12
1 27 13
1 28 12
1 29 8
1 30 6
1 31 13
1 32 12
1 33 11
1 34 12
1 35 11
1 36 10
1 37 11
1 38 14
1 39 7
1 40 13
1 41 6
1 42 7
1 43 9
1 44 13
1 45 14
1 46 11
1 47 11
1 48 8
1 49 7
2 0 10
2 1 4
2 2 10
2 3 11
2 4 3
2 5 11
2 6 7
2 7 10
2 8 10
2 9 9
2 10 7
2 11 4
2 12 3
2 13 9
2 14 7
2 15 5
2 16 4
2 17 9
2 18 9
2 19 5
2 20 4
2 21 8
2 22 6
2 23 9
2 24 8
2 25 7
2 26 8
2 27 10
2 28 10
2 29 3
2 30 4
2 31 10
2 32 8
2 33 10
2 34 10
2 35 8
2 36 8
2 37 8
2 38 9
2 39 6
2 40 10
2 41 5
2 42 6
2 43 5
2 44 10
2 45 11
2 46 10
2 47 7
2 48 5
2 49 3
