3 50 10 6 10.0 3.0 1.0 95
7 22 8
7 63 7
5 40 9
5 57 7
8 19 8
1 79 9
3 93 7
3 56 7
5 136 4
3 66 9
1 66 3
0 22 7
0 36 8
8 212 3
4 142 8
9 12 9
3 135 4
4 10 5
0 68 3
8 219 6
4 162 7
2 79 3
4 113 3
9 218 5
7 11 6
2 16 6
6 144 7
5 160 3
7 111 9
0 84 4
8 168 9
9 218 7
9 190 3
1 98 8
6 120 7
2 59 9
1 97 4
6 96 3
1 99 7
9 85 7
5 150 8
0 7 8
4 162 7
2 60 7
6 114 7
7 48 3
3 75 3
6 94 6
2 125 8
8 112 8
0 0 0.453865035331
0 1 0.658610767014
0 2 0.281877690361
0 3 0.892789451221
0 4 0.881768088149
0 5 0.815587630879
0 6 0.937213350663
0 7 0.569454330433
0 8 0.667268237622
0 9 0.702895451487
0 10 0.635669975259
0 11 0.968549232690
0 12 0.662404779819
0 13 0.193299255641
0 14 0.966615347352
0 15 0.068304565308
0 16 0.514357305586
0 17 0.625143515151
0 18 0.503890550346
0 19 0.070050015446
0 20 0.982081655774
0 21 0.574480936012
0 22 0.792388176247
0 23 0.649865144153
0 24 0.663693031840
0 25 0.119954933045
0 26 0.928897014819
0 27 0.484762986116
0 28 0.075924046039
0 29 0.816991573429
0 30 0.476650476153
0 31 0.366889697992
0 32 0.443497267434
0 33 0.786306546967
0 34 0.317095438384
0 35 0.042248775140
0 36 0.752283725993
0 37 0.111360898669
0 38 0.328962110728
0 39 0.122463479045
0 40 0.797984037709
0 41 0.669159806086
0 42 0.188286051960
0 43 0.294677709773
0 44 0.455703923436
0 45 0.095043452667
0 46 0.348914837960
0 47 0.324862438976
0 48 0.679098721987
0 49 0.606641055529
1 0 0.553235667100
1 1 0.409390564884
1 2 0.323988865567
1 3 0.079482550492
1 4 0.075034902448
1 5 0.108565036023
1 6 0.571598771274
1 7 0.586074719483
1 8 0.214214521049
1 9 0.627542515703
1 10 0.355381641094
1 11 0.082867306764
1 12 0.560997525899
1 13 0.398981202276
1 14 0.092187267478
1 15 0.223791367657
1 16 0.733552717798
1 17 0.033788291162
1 18 0.267060107493
1 19 0.305133971020
1 20 0.980592859516
1 21 0.243126695889
1 22 0.347595526112
1 23 0.960412373894
1 24 0.439653890873
1 25 0.169181424958
1 26 0.567227132920
1 27 0.568510450842
1 28 0.746751514536
1 29 0.537241291744
1 30 0.463480218702
1 31 0.823026962692
1 32 0.152471020465
1 33 0.871301732899
1 34 0.396857569894
1 35 0.872726414747
1 36 0.980157870785
1 37 0.263280702666
1 38 0.027534138355
1 39 0.517580753886
1 40 0.982020041765
1 41 0.214000192488
1 42 0.686040625927
1 43 0.355173918697
1 44 0.585249522109
1 45 0.810061392990
1 46 0.305403298760
1 47 0.904411505791
1 48 0.078564834213
1 49 0.820777653064
2 0 0.702315264048
2 1 0.488852417234
2 2 0.868076779662
2 3 0.382761506618
2 4 0.085544993719
2 5 0.828308064120
2 6 0.954329769232
2 7 0.563969759276
2 8 0.457031155921
2 9 0.679636344553
2 10 0.980949048956
2 11 0.958506904567
2 12 0.825208159917
2 13 0.511546079423
2 14 0.651003286071
2 15 0.806721687720
2 16 0.783992571693
2 17 0.952108185957
2 18 0.124859599507
2 19 0.852361115168
2 20 0.075249285244
2 21 0.998074198518
2 22 0.906373847964
2 23 0.279457067555
2 24 0.076330408624
2 25 0.795380983137
2 26 0.064494788414
2 27 0.053075041075
2 28 0.726430512327
2 29 0.486950522638
2 30 0.867979431532
2 31 0.087544213851
2 32 0.444662840818
2 33 0.209438277074
2 34 0.443406718111
2 35 0.823422162355
2 36 0.302069559260
2 37 0.933892675406
2 38 0.396336188564
2 39 0.144861398571
2 40 0.650683536657
2 41 0.026184538577
2 42 0.565374093296
2 43 0.659873170044
2 44 0.310517274884
2 45 0.292837258394
2 46 0.243179370096
2 47 0.472719362660
2 48 0.503697264573
2 49 0.590732972878
0 0 11
0 1 9
0 2 10
0 3 8
0 4 11
0 5 10
0 6 8
0 7 8
0 8 6
0 9 11
0 10 6
0 11 10
0 12 9
0 13 5
0 14 10
0 15 11
0 16 6
0 17 7
0 18 6
0 19 9
0 20 8
0 21 6
0 22 5
0 23 7
0 24 7
0 25 7
0 26 10
0 27 6
0 28 10
0 29 5
0 30 10
0 31 9
0 32 5
0 33 11
0 34 8
0 35 10
0 36 6
0 37 5
0 38 10
0 39 9
0 40 9
0 41 9
0 42 8
0 43 9
0 44 8
0 45 4
0 46 6
0 47 7
0 48 10
0 49 10
1 0 12
1 1 10
1 2 11
1 3 9
1 4 11
1 5 13
1 6 10
1 7 10
1 8 6
1 9 12
1 10 6
1 11 11
1 12 10
1 13 5
1 14 12
1 15 11
1 16 6
1 17 9
1 18 5
1 19 9
1 20 10
1 21 5
1 22 5
1 23 7
1 24 10
1 25 8
1 26 10
1 27 6
1 28 13
1 29 8
1 30 12
1 31 11
1 32 6
1 33 11
1 34 9
1 35 11
1 36 6
1 37 5
1 38 9
1 39 10
1 40 12
1 41 10
1 42 10
1 43 10
1 44 11
1 45 6
1 46 6
1 47 9
1 48 12
1 49 10
2 0 13
2 1 12
2 2 13
2 3 10
2 4 13
2 5 14
2 6 12
2 7 11
2 8 8
2 9 12
2 10 7
2 11 12
2 12 12
2 13 8
2 14 13
2 15 14
2 16 9
2 17 9
2 18 8
2 19 11
2 20 11
2 21 8
2 22 8
2 23 9
2 24 9
2 25 10
2 26 11
2 27 7
2 28 13
2 29 8
2 30 12
2 31 10
2 32 7
2 33 11
2 34 10
2 35 13
2 36 8
2 37 7
2 38 11
2 39 11
2 40 12
2 41 12
2 42 11
2 43 11
2 44 10
2 45 8
2 46 8
2 47 9
2 48 12
2 49 13
