3 50 10 6 10.0 3.0 1.0 95
2 125 8
3 54 6
5 66 3
0 8 3
4 143 3
8 210 9
2 67 6
1 14 3
4 33 7
6 138 3
0 68 8
7 206 7
7 35 6
0 11 7
1 13 9
9 52 6
3 148 8
3 32 7
8 54 8
5 152 9
6 22 7
5 117 7
0 16 8
5 70 6
7 22 8
3 40 3
5 20 9
8 47 8
9 128 7
8 96 4
1 116 6
6 140 4
6 28 7
4 65 5
2 37 7
9 18 3
7 167 3
4 110 9
9 228 7
0 61 4
4 115 9
7 126 8
8 124 3
9 185 9
6 132 8
3 124 8
1 36 8
2 65 3
1 27 9
2 43 9
0 0 0.164406504133
0 1 0.947963672905
0 2 0.720423110259
0 3 0.994218007360
0 4 0.870727125577
0 5 0.165204066336
0 6 0.017612248018
0 7 0.947053351365
0 8 0.275314035976
0 9 0.279982960963
0 10 0.287770085285
0 11 0.864519551863
0 12 0.738783087416
0 13 0.455924951478
0 14 0.552343124518
0 15 0.803906160582
0 16 0.924734612431
0 17 0.867046538881
0 18 0.695767965773
0 19 0.403345400922
0 20 0.768671681269
0 21 0.294371980153
0 22 0.423066379518
0 23 0.568876635078
0 24 0.668974067947
0 25 0.790263653347
0 26 0.860479696264
0 27 0.570569349241
0 28 0.553014896108
0 29 0.225291106710
0 30 0.242562252384
0 31 0.081602335643
0 32 0.487329222648
0 33 0.848305695111
0 34 0.226723746593
0 35 0.025856596550
0 36 0.400265384338
0 37 0.858419041617
0 38 0.671691017189
0 39 0.630862958293
0 40 0.416991370133
0 41 0.078017574108
0 42 0.186200071419
0 43 0.358627884701
0 44 0.264304330736
0 45 0.314545224707
0 46 0.913306314466
0 47 0.312108663512
0 48 0.785134864951
0 49 0.816318260459
1 0 0.507766541415
1 1 0.844265007181
1 2 0.292401961155
1 3 0.087879593517
1 4 0.319454211632
1 5 0.349893288373
1 6 0.290909165056
1 7 0.854398815381
1 8 0.909975516836
1 9 0.883296619968
1 10 0.883090673333
1 11 0.688668319067
1 12 0.841387311346
1 13 0.917959474792
1 14 0.317866373619
1 15 0.668708046233
1 16 0.000286448718
1 17 0.147729728759
1 18 0.778859297426
1 19 0.434967214359
1 20 0.543600041028
1 21 0.804556381069
1 22 0.222340711747
1 23 0.196098337432
1 24 0.035370580324
1 25 0.289252564609
1 26 0.932493409514
1 27 0.392715302431
1 28 0.727725041602
1 29 0.258387137699
1 30 0.139118684328
1 31 0.626209794970
1 32 0.252148853445
1 33 0.787815333306
1 34 0.800515185655
1 35 0.162215607187
1 36 0.988316420735
1 37 0.314056750505
1 38 0.249877416215
1 39 0.901979981716
1 40 0.223384789199
1 41 0.266275601999
1 42 0.963764872755
1 43 0.576784906161
1 44 0.693926849163
1 45 0.634052350708
1 46 0.308812215368
1 47 0.322568727647
1 48 0.984218161145
1 49 0.303524396776
2 0 0.199626322137
2 1 0.080923451776
2 2 0.472289254176
2 3 0.524174620005
2 4 0.204798110606
2 5 0.007145627358
2 6 0.574714147754
2 7 0.735882212600
2 8 0.159536932134
2 9 0.072809017799
2 10 0.738071325807
2 11 0.797078076882
2 12 0.306125431778
2 13 0.958523303928
2 14 0.531566831205
2 15 0.619191343712
2 16 0.752682688925
2 17 0.197356514389
2 18 0.946126228358
2 19 0.506736824918
2 20 0.591773276260
2 21 0.739543657018
2 22 0.795064208419
2 23 0.524290201755
2 24 0.213025430037
2 25 0.322488492623
2 26 0.357639654115
2 27 0.194277904341
2 28 0.925988562595
2 29 0.931810269301
2 30 0.383379823466
2 31 0.035598174953
2 32 0.358068457571
2 33 0.045792967153
2 34 0.906914140403
2 35 0.766657802570
2 36 0.736399671934
2 37 0.742990429581
2 38 0.102404664054
2 39 0.547025022701
2 40 0.248085640387
2 41 0.646831920344
2 42 0.872280620142
2 43 0.113143336338
2 44 0.568318715230
2 45 0.066571233760
2 46 0.633116430301
2 47 0.762824604638
2 48 0.995826387383
2 49 0.921429831042
0 0 8
0 1 7
0 2 4
0 3 3
0 4 5
0 5 9
0 6 8
0 7 3
0 8 8
0 9 5
0 10 9
0 11 9
0 12 8
0 13 8
0 14 11
0 15 7
0 16 10
0 17 7
0 18 9
0 19 10
0 20 8
0 21 8
0 22 10
0 23 6
0 24 10
0 25 4
0 26 10
0 27 10
0 28 8
0 29 6
0 30 8
0 31 4
0 32 8
0 33 7
0 34 8
0 35 4
0 36 4
0 37 9
0 38 7
0 39 5
0 40 10
0 41 8
0 42 5
0 43 9
0 44 9
0 45 8
0 46 9
0 47 5
0 48 9
0 49 11
1 0 11
1 1 9
1 2 7
1 3 5
1 4 5
1 5 13
1 6 10
1 7 5
1 8 11
1 9 5
1 10 11
1 11 10
1 12 8
1 13 10
1 14 13
1 15 10
1 16 10
1 17 9
1 18 12
1 19 12
1 20 9
1 21 11
1 22 11
1 23 10
1 24 10
1 25 7
1 26 12
1 27 12
1 28 9
1 29 8
1 30 8
1 31 6
1 32 10
1 33 7
1 34 10
1 35 5
1 36 7
1 37 13
1 38 9
1 39 7
1 40 12
1 41 10
1 42 5
1 43 13
1 44 10
1 45 11
1 46 11
1 47 6
1 48 13
1 49 13
2 0 11
2 1 9
2 2 7
2 3 5
2 4 6
2 5 12
2 6 8
2 7 5
2 8 10
2 9 7
2 10 12
2 11 11
2 12 8
2 13 11
2 14 12
2 15 8
2 16 10
2 17 11
2 18 12
2 19 11
2 20 11
2 21 9
2 22 11
2 23 10
2 24 12
2 25 7
2 26 13
2 27 12
2 28 10
2 29 7
2 30 10
2 31 6
2 32 9
2 33 9
2 34 11
2 35 6
2 36 7
2 37 11
2 38 11
2 39 6
2 40 12
2 41 12
2 42 6
2 43 11
2 44 11
2 45 11
2 46 10
2 47 6
2 48 11
2 49 13
