3 50 10 6 10.0 3.0 1.0 95
1 65 8
4 2 3
9 200 8
7 115 8
6 84 9
8 114 8
6 176 8
4 22 7
4 110 7
0 50 9
1 65 3
7 50 4
3 99 3
7 59 9
3 110 8
8 47 9
4 8 6
2 53 7
2 33 8
5 123 9
5 88 5
8 75 5
0 53 5
8 30 3
0 42 9
4 163 8
5 18 9
3 33 7
6 26 3
3 21 7
1 93 8
2 31 5
6 72 9
2 8 3
7 195 3
1 88 8
3 58 4
9 18 3
0 31 3
5 114 7
8 103 8
9 28 4
2 15 9
1 10 6
6 198 4
0 68 8
9 235 8
7 215 9
5 158 3
9 125 8
0 0 0.150269324441
0 1 0.245001170819
0 2 0.394215368358
0 3 0.546561897673
0 4 0.385760099936
0 5 0.979836234476
0 6 0.005011051309
0 7 0.907760927503
0 8 0.034833817897
0 9 0.347276287325
0 10 0.318856200311
0 11 0.866165837603
0 12 0.977820765794
0 13 0.281918512992
0 14 0.016234320110
0 15 0.435359675598
0 16 0.377425236023
0 17 0.565152085143
0 18 0.916444528639
0 19 0.727046711118
0 20 0.393928080502
0 21 0.455820154539
0 22 0.577645534973
0 23 0.356918773644
0 24 0.959514488567
0 25 0.230680263786
0 26 0.706179640048
0 27 0.862161128820
0 28 0.733749770818
0 29 0.178442481532
0 30 0.717260908355
0 31 0.692961828645
0 32 0.600378018232
0 33 0.495259616699
0 34 0.258301538312
0 35 0.723775285767
0 36 0.294545619538
0 37 0.170735296169
0 38 0.722269723246
0 39 0.028675455407
0 40 0.514305303158
0 41 0.004205872558
0 42 0.986128851708
0 43 0.711667125563
0 44 0.844602969029
0 45 0.868812752007
0 46 0.644407802917
0 47 0.670339158370
0 48 0.983075434059
0 49 0.770122470082
1 0 0.292850551064
1 1 0.995097485281
1 2 0.527066231115
1 3 0.574114138232
1 4 0.569565182191
1 5 0.924347999043
1 6 0.555835543985
1 7 0.342305345306
1 8 0.933831747286
1 9 0.887527411464
1 10 0.887705335956
1 11 0.285408971986
1 12 0.851282842278
1 13 0.586034119850
1 14 0.872350754215
1 15 0.666756664398
1 16 0.293155050426
1 17 0.147127414200
1 18 0.235767194422
1 19 0.523683407947
1 20 0.766898009713
1 21 0.413230623975
1 22 0.329986730007
1 23 0.041338991202
1 24 0.575599235740
1 25 0.071122198846
1 26 0.195606121876
1 27 0.284451870752
1 28 0.334914537647
1 29 0.685322888617
1 30 0.033003360107
1 31 0.201458566261
1 32 0.821112048284
1 33 0.954648827931
1 34 0.511764867091
1 35 0.374750857257
1 36 0.995040692921
1 37 0.951657838258
1 38 0.364131506429
1 39 0.109806082032
1 40 0.434002205111
1 41 0.896012163660
1 42 0.742434323080
1 43 0.668579879659
1 44 0.099478329901
1 45 0.884914002900
1 46 0.522730463732
1 47 0.871595948795
1 48 0.474243883788
1 49 0.737820592026
2 0 0.052871157563
2 1 0.424734616448
2 2 0.135924057176
2 3 0.117406487170
2 4 0.716493089409
2 5 0.781901701592
2 6 0.782253638829
2 7 0.734543835491
2 8 0.346149091649
2 9 0.044016695739
2 10 0.212894512881
2 11 0.810481113869
2 12 0.003341165014
2 13 0.290738122543
2 14 0.965044796555
2 15 0.877825803527
2 16 0.673926605843
2 17 0.686344568764
2 18 0.745916883447
2 19 0.102845932907
2 20 0.346607109627
2 21 0.043506137232
2 22 0.082926351211
2 23 0.182455314114
2 24 0.439103299062
2 25 0.038507468071
2 26 0.366366374647
2 27 0.469672158574
2 28 0.266452230215
2 29 0.747075100034
2 30 0.048258978585
2 31 0.661226789500
2 32 0.280733774191
2 33 0.956160503463
2 34 0.070741578278
2 35 0.248163242754
2 36 0.602718037551
2 37 0.444510878577
2 38 0.442849213420
2 39 0.008508910551
2 40 0.078512950141
2 41 0.230602827025
2 42 0.617784069615
2 43 0.633637572330
2 44 0.990092027216
2 45 0.857630703137
2 46 0.267417896631
2 47 0.997039656776
2 48 0.437813552028
2 49 0.078652177421
0 0 9
0 1 3
0 2 10
0 3 10
0 4 11
0 5 8
0 6 9
0 7 9
0 8 8
0 9 9
0 10 4
0 11 6
0 12 3
0 13 11
0 14 10
0 15 9
0 16 7
0 17 7
0 18 8
0 19 10
0 20 6
0 21 5
0 22 6
0 23 3
0 24 11
0 25 10
0 26 9
0 27 7
0 28 3
0 29 8
0 30 10
0 31 7
0 32 9
0 33 4
0 34 3
0 35 8
0 36 4
0 37 3
0 38 4
0 39 9
0 40 9
0 41 5
0 42 9
0 43 7
0 44 6
0 45 10
0 46 8
0 47 11
0 48 3
0 49 8
1 0 10
1 1 4
1 2 8
1 3 8
1 4 9
1 5 8
1 6 9
1 7 7
1 8 8
1 9 10
1 10 5
1 11 5
1 12 5
1 13 9
1 14 8
1 15 10
1 16 8
1 17 8
1 18 8
1 19 10
1 20 5
1 21 5
1 22 7
1 23 3
1 24 10
1 25 8
1 26 9
1 27 7
1 28 4
1 29 8
1 30 8
1 31 7
1 32 10
1 33 5
1 34 3
1 35 8
1 36 4
1 37 3
1 38 4
1 39 9
1 40 10
1 41 4
1 42 9
1 43 6
1 44 5
1 45 10
1 46 8
1 47 10
1 48 4
1 49 9
2 0 8
2 1 4
2 2 10
2 3 9
2 4 11
2 5 8
2 6 8
2 7 7
2 8 9
2 9 11
2 10 5
2 11 6
2 12 3
2 13 11
2 14 9
2 15 11
2 16 6
2 17 8
2 18 8
2 19 11
2 20 6
2 21 6
2 22 7
2 23 4
2 24 10
2 25 9
2 26 11
2 27 8
2 28 4
2 29 8
2 30 9
2 31 6
2 32 11
2 33 4
2 34 3
2 35 10
2 36 5
2 37 4
2 38 3
2 39 7
2 40 10
2 41 5
2 42 10
2 43 7
2 44 5
2 45 10
2 46 9
2 47 10
2 48 4
2 49 9
