3 50 10 6 10.0 3.0 1.0 95
2 57 7
7 165 3
2 9 9
4 37 9
8 161 3
7 87 7
6 184 3
5 57 9
8 224 8
0 66 9
1 72 8
7 93 9
1 104 3
0 6 4
3 124 3
0 17 8
5 178 4
2 100 3
4 70 7
4 112 5
5 20 8
9 235 7
6 100 4
2 76 4
6 54 9
0 79 9
9 202 3
3 63 4
9 70 4
9 150 9
4 80 8
8 119 4
2 95 9
5 138 7
7 102 8
3 80 7
4 120 3
3 14 9
6 130 8
1 98 8
0 60 3
7 33 4
8 121 8
5 37 3
8 175 7
1 116 5
6 144 7
9 10 9
3 22 8
1 28 9
0 0 0.788039302273
0 1 0.552038379468
0 2 0.258856648723
0 3 0.369678765649
0 4 0.918768838757
0 5 0.683245611471
0 6 0.899894260739
0 7 0.430628284732
0 8 0.270916260357
0 9 0.692350140676
0 10 0.865057367088
0 11 0.278548401169
0 12 0.825843051729
0 13 0.120473110493
0 14 0.408392456740
0 15 0.985918879346
0 16 0.502442817127
0 17 0.233265386678
0 18 0.578759577747
0 19 0.689675197380
0 20 0.963012248898
0 21 0.558760004016
0 22 0.176560650683
0 23 0.887168216240
0 24 0.491969533887
0 25 0.543172360603
0 26 0.397562130596
0 27 0.733268731813
0 28 0.391225931619
0 29 0.833432109432
0 30 0.264529156790
0 31 0.683670804532
0 32 0.674716279014
0 33 0.236229518758
0 34 0.211477155506
0 35 0.985960377993
0 36 0.556104606590
0 37 0.134857635851
0 38 0.121421628621
0 39 0.724095264003
0 40 0.808844371005
0 41 0.841368692800
0 42 0.533878733116
0 43 0.872602438289
0 44 0.621132339671
0 45 0.880929928878
0 46 0.272064406357
0 47 0.813202777122
0 48 0.772255557420
0 49 0.123605736234
1 0 0.415406058977
1 1 0.920561162375
1 2 0.241005906516
1 3 0.234082178708
1 4 0.710475425287
1 5 0.368752406548
1 6 0.078586010214
1 7 0.276006908304
1 8 0.182459359093
1 9 0.325139693107
1 10 0.461614695432
1 11 0.693058495877
1 12 0.096547479783
1 13 0.227060184824
1 14 0.858665039160
1 15 0.003782388441
1 16 0.269224721150
1 17 0.691851440656
1 18 0.606435713272
1 19 0.107286071491
1 20 0.707975619021
1 21 0.671427285344
1 22 0.924341810757
1 23 0.282260898972
1 24 0.377583210233
1 25 0.659523042303
1 26 0.751969676894
1 27 0.669710719432
1 28 0.687773090119
1 29 0.727397143020
1 30 0.943152211652
1 31 0.660318733337
1 32 0.393127533743
1 33 0.978980636801
1 34 0.133701611699
1 35 0.008077841145
1 36 0.023534353777
1 37 0.794966267835
1 38 0.740374820075
1 39 0.613109881893
1 40 0.778532063608
1 41 0.595122953734
1 42 0.466855242896
1 43 0.408369717612
1 44 0.049222994658
1 45 0.717966794156
1 46 0.001113837355
1 47 0.285418662355
1 48 0.589916868442
1 49 0.647414028327
2 0 0.361137814696
2 1 0.305727785986
2 2 0.974941399747
2 3 0.834739491385
2 4 0.409416843655
2 5 0.488045414686
2 6 0.685690095228
2 7 0.666121178978
2 8 0.172489330525
2 9 0.849488452591
2 10 0.460066071115
2 11 0.417876130223
2 12 0.007917269023
2 13 0.996861000143
2 14 0.636848134422
2 15 0.785424140806
2 16 0.399409700047
2 17 0.587325969804
2 18 0.359050505973
2 19 0.184643144918
2 20 0.041110705762
2 21 0.055673654513
2 22 0.660938921711
2 23 0.195595059914
2 24 0.660996269501
2 25 0.786385089843
2 26 0.941961932823
2 27 0.621853622243
2 28 0.301961045279
2 29 0.161416458763
2 30 0.533013997120
2 31 0.338676769982
2 32 0.462405832465
2 33 0.039329332726
2 34 0.375870320279
2 35 0.537734514853
2 36 0.406911000250
2 37 0.806701347285
2 38 0.378952844434
2 39 0.034925148780
2 40 0.138170262847
2 41 0.284664096266
2 42 0.406024794619
2 43 0.655806619338
2 44 0.862497907484
2 45 0.936596342104
2 46 0.943083171192
2 47 0.019779648270
2 48 0.554723065690
2 49 0.146566616360
0 0 11
0 1 8
0 2 14
0 3 12
0 4 8
0 5 11
0 6 7
0 7 13
0 8 12
0 9 12
0 10 11
0 11 13
0 12 8
0 13 9
0 14 8
0 15 12
0 16 8
0 17 7
0 18 12
0 19 8
0 20 13
0 21 12
0 22 8
0 23 8
0 24 14
0 25 13
0 26 6
0 27 7
0 28 7
0 29 13
0 30 13
0 31 7
0 32 13
0 33 12
0 34 12
0 35 11
0 36 6
0 37 12
0 38 12
0 39 13
0 40 6
0 41 8
0 42 13
0 43 8
0 44 10
0 45 9
0 46 11
0 47 14
0 48 12
0 49 14
1 0 11
1 1 7
1 2 12
1 3 13
1 4 7
1 5 10
1 6 7
1 7 13
1 8 11
1 9 11
1 10 11
1 11 13
1 12 7
1 13 8
1 14 7
1 15 11
1 16 6
1 17 7
1 18 11
1 19 7
1 20 10
1 21 10
1 22 6
1 23 8
1 24 11
1 25 12
1 26 6
1 27 6
1 28 7
1 29 13
1 30 10
1 31 8
1 32 11
1 33 11
1 34 11
1 35 11
1 36 7
1 37 13
1 38 12
1 39 10
1 40 5
1 41 8
1 42 10
1 43 5
1 44 11
1 45 7
1 46 11
1 47 12
1 48 11
1 49 12
2 0 8
2 1 4
2 2 10
2 3 11
2 4 6
2 5 9
2 6 4
2 7 12
2 8 9
2 9 10
2 10 9
2 11 12
2 12 5
2 13 7
2 14 4
2 15 10
2 16 5
2 17 5
2 18 10
2 19 7
2 20 11
2 21 8
2 22 6
2 23 5
2 24 10
2 25 11
2 26 6
2 27 5
2 28 5
2 29 11
2 30 10
2 31 5
2 32 12
2 33 9
2 34 9
2 35 10
2 36 4
2 37 12
2 38 9
2 39 11
2 40 5
2 41 5
2 42 11
2 43 6
2 44 9
2 45 8
2 46 9
2 47 10
2 48 9
2 49 12
