3 50 10 6 10.0 3.0 1.0 95
6 130 4
1 47 3
7 108 4
4 40 7
8 96 8
4 3 9
5 101 9
0 8 3
4 93 3
0 90 8
5 64 3
1 57 9
7 76 7
0 56 5
5 121 7
2 65 8
7 167 9
6 186 9
8 222 9
5 167 4
2 95 8
3 104 4
9 62 8
9 18 7
1 2 7
8 149 6
8 75 9
6 94 7
4 10 6
9 115 9
9 190 3
6 48 9
9 28 6
2 99 7
1 10 6
0 18 7
2 111 5
1 52 7
2 115 3
4 63 9
3 126 3
3 126 9
7 137 3
3 38 7
8 35 3
7 189 7
6 134 3
3 72 9
5 57 9
0 98 8
0 0 0.117219636128
0 1 0.483130690307
0 2 0.092675122543
0 3 0.205681461568
0 4 0.072784987468
0 5 0.830925460914
0 6 0.553903169104
0 7 0.387582986051
0 8 0.784062837304
0 9 0.639635935279
0 10 0.140300319452
0 11 0.395760491884
0 12 0.356731596269
0 13 0.376438867898
0 14 0.422329666738
0 15 0.036632703847
0 16 0.365638701306
0 17 0.611704881266
0 18 0.231397079185
0 19 0.051218321645
0 20 0.638952948117
0 21 0.825615991681
0 22 0.142721748095
0 23 0.893588119663
0 24 0.968132371894
0 25 0.476136261229
0 26 0.096505959752
0 27 0.829480000473
0 28 0.734042534096
0 29 0.266412585511
0 30 0.447810449307
0 31 0.310710767437
0 32 0.569589225546
0 33 0.697904420980
0 34 0.148702006959
0 35 0.819574658212
0 36 0.526727601103
0 37 0.867222933423
0 38 0.116315644456
0 39 0.798382328624
0 40 0.310417642914
0 41 0.891074209162
0 42 0.202877670638
0 43 0.348116361433
0 44 0.101412811982
0 45 0.457022315344
0 46 0.619056573001
0 47 0.147119353522
0 48 0.422715354409
0 49 0.030596262087
1 0 0.768086706511
1 1 0.703580094571
1 2 0.527472903654
1 3 0.955357840744
1 4 0.596041220737
1 5 0.474598102040
1 6 0.123120490070
1 7 0.236049936044
1 8 0.718498329201
1 9 0.758339102647
1 10 0.997452079969
1 11 0.889546539115
1 12 0.346720438324
1 13 0.985897093256
1 14 0.120538300938
1 15 0.559791536054
1 16 0.690642918888
1 17 0.489240651364
1 18 0.858132154951
1 19 0.909553884284
1 20 0.410281024776
1 21 0.939270507236
1 22 0.966525559191
1 23 0.868657510388
1 24 0.057983225685
1 25 0.445066313102
1 26 0.928920676741
1 27 0.925834354304
1 28 0.351917188456
1 29 0.106796311836
1 30 0.821377296956
1 31 0.038967876761
1 32 0.142740873822
1 33 0.059821558046
1 34 0.071128036982
1 35 0.655961047130
1 36 0.595398130890
1 37 0.875469770316
1 38 0.495393342462
1 39 0.226979146384
1 40 0.811587005305
1 41 0.664217470744
1 42 0.810574845668
1 43 0.011556119357
1 44 0.060624517703
1 45 0.359000699467
1 46 0.292685639849
1 47 0.092133491294
1 48 0.124111400112
1 49 0.530098369649
2 0 0.234815043442
2 1 0.771160363485
2 2 0.748770326814
2 3 0.565109533897
2 4 0.293156716717
2 5 0.586331877783
2 6 0.798696446557
2 7 0.267952317055
2 8 0.489582990962
2 9 0.790944404411
2 10 0.877878919374
2 11 0.521958157843
2 12 0.922321741621
2 13 0.408903882801
2 14 0.342366788065
2 15 0.411343376931
2 16 0.611567345364
2 17 0.980735666184
2 18 0.438383851005
2 19 0.286836132137
2 20 0.177374036748
2 21 0.327376324376
2 22 0.986196519037
2 23 0.892910098866
2 24 0.801623203508
2 25 0.049716045378
2 26 0.610929788588
2 27 0.068203863183
2 28 0.230672760947
2 29 0.473742707803
2 30 0.526611507092
2 31 0.014073564481
2 32 0.320593081285
2 33 0.016787037353
2 34 0.718742681846
2 35 0.048522932396
2 36 0.399088829146
2 37 0.440862497793
2 38 0.266568737430
2 39 0.904153821158
2 40 0.265146791103
2 41 0.111016905803
2 42 0.881252104131
2 43 0.043783582965
2 44 0.035084591012
2 45 0.469025288898
2 46 0.765934821967
2 47 0.527070508637
2 48 0.714658008664
2 49 0.674396899134
0 0 6
0 1 4
0 2 5
0 3 10
0 4 11
0 5 12
0 6 12
0 7 4
0 8 4
0 9 11
0 10 6
0 11 11
0 12 9
0 13 7
0 14 10
0 15 10
0 16 11
0 17 11
0 18 12
0 19 7
0 20 10
0 21 6
0 22 9
0 23 8
0 24 10
0 25 7
0 26 10
0 27 9
0 28 9
0 29 10
0 30 5
0 31 12
0 32 9
0 33 10
0 34 7
0 35 10
0 36 7
0 37 8
0 38 5
0 39 10
0 40 5
0 41 10
0 42 6
0 43 8
0 44 5
0 45 8
0 46 6
0 47 11
0 48 11
0 49 11
1 0 7
1 1 7
1 2 8
1 3 10
1 4 13
1 5 12
1 6 12
1 7 8
1 8 6
1 9 13
1 10 7
1 11 14
1 12 11
1 13 8
1 14 10
1 15 12
1 16 14
1 17 14
1 18 13
1 19 8
1 20 11
1 21 9
1 22 11
1 23 10
1 24 10
1 25 10
1 26 13
1 27 11
1 28 9
1 29 13
1 30 7
1 31 13
1 32 11
1 33 11
1 34 10
1 35 11
1 36 8
1 37 10
1 38 8
1 39 14
1 40 6
1 41 13
1 42 6
1 43 11
1 44 7
1 45 10
1 46 6
1 47 13
1 48 12
1 49 13
2 0 8
2 1 6
2 2 7
2 3 12
2 4 11
2 5 13
2 6 13
2 7 8
2 8 7
2 9 12
2 10 8
2 11 12
2 12 11
2 13 9
2 14 10
2 15 12
2 16 12
2 17 12
2 18 12
2 19 9
2 20 13
2 21 7
2 22 12
2 23 10
2 24 12
2 25 10
2 26 12
2 27 10
2 28 11
2 29 14
2 30 7
2 31 14
2 32 10
2 33 10
2 34 9
2 35 10
2 36 9
2 37 10
2 38 6
2 39 13
2 40 7
2 41 13
2 42 8
2 43 12
2 44 7
2 45 11
2 46 6
2 47 13
2 48 13
2 49 12
