3 50 10 6 10.0 3.0 1.0 95
6 18 6
4 123 7
6 72 7
0 37 8
1 61 3
8 70 3
0 15 8
5 29 3
2 5 8
5 165 4
4 20 3
9 30 3
7 145 7
6 140 9
2 39 3
1 94 7
7 65 3
4 13 7
9 198 8
7 160 4
5 139 8
0 31 3
5 158 8
9 212 5
4 48 7
9 8 8
9 108 8
3 117 7
0 24 4
0 65 8
4 67 6
8 229 9
8 173 7
3 96 4
8 198 6
5 94 9
2 53 9
7 11 7
6 14 3
3 15 3
1 82 5
3 100 7
2 87 7
2 109 4
1 97 8
7 69 7
8 201 8
6 188 7
3 81 9
1 77 8
0 0 0.351272956147
0 1 0.291272594284
0 2 0.313156919030
0 3 0.231014560503
0 4 0.759670605512
0 5 0.804005824714
0 6 0.949668584844
0 7 0.939223848233
0 8 0.032471993969
0 9 0.479516898581
0 10 0.779818686305
0 11 0.981157672964
0 12 0.581465845089
0 13 0.757442112123
0 14 0.343625802883
0 15 0.184357406048
0 16 0.757705725768
0 17 0.530805504701
0 18 0.923588493583
0 19 0.992319602527
0 20 0.648254042210
0 21 0.927144468958
0 22 0.906458413717
0 23 0.437109795323
0 24 0.556827638509
0 25 0.776807421936
0 26 0.397668632048
0 27 0.029730222588
0 28 0.529842793603
0 29 0.294150108652
0 30 0.998949845527
0 31 0.498095198678
0 32 0.753999968722
0 33 0.163141863827
0 34 0.633976464391
0 35 0.803335604289
0 36 0.569853603237
0 37 0.671583452825
0 38 0.580468672252
0 39 0.245369045837
0 40 0.755722995007
0 41 0.360789801695
0 42 0.800032552633
0 43 0.717473350214
0 44 0.808629283108
0 45 0.265009474943
0 46 0.496476816270
0 47 0.820019222213
0 48 0.065749858391
0 49 0.551564801439
1 0 0.863622434311
1 1 0.959557723932
1 2 0.258484107945
1 3 0.532870417721
1 4 0.617015230166
1 5 0.324763399827
1 6 0.675826202933
1 7 0.309020397419
1 8 0.300988362828
1 9 0.096263875249
1 10 0.828838933215
1 11 0.283753895336
1 12 0.788606844969
1 13 0.959860565109
1 14 0.491463978516
1 15 0.968444833724
1 16 0.170713442624
1 17 0.088898928712
1 18 0.801644405968
1 19 0.313712294818
1 20 0.335232589413
1 21 0.420708593122
1 22 0.009961354994
1 23 0.093020719975
1 24 0.455016193617
1 25 0.106402927301
1 26 0.094238016864
1 27 0.569667140310
1 28 0.605703127170
1 29 0.245574327831
1 30 0.446763942233
1 31 0.193062398472
1 32 0.789710892373
1 33 0.727533311954
1 34 0.813600621424
1 35 0.724586884229
1 36 0.585009129942
1 37 0.482127721463
1 38 0.369004685253
1 39 0.454386040212
1 40 0.968215280367
1 41 0.947418258365
1 42 0.281205543099
1 43 0.492935882226
1 44 0.103664778922
1 45 0.672094201750
1 46 0.361548990713
1 47 0.828066116924
1 48 0.364160334771
1 49 0.215787859000
2 0 0.963322865260
2 1 0.476727936550
2 2 0.583080858588
2 3 0.597401971190
2 4 0.536693253031
2 5 0.748189401074
2 6 0.160244379412
2 7 0.834142490017
2 8 0.189244992754
2 9 0.409136629840
2 10 0.835274782847
2 11 0.717075868773
2 12 0.409433071755
2 13 0.259256525433
2 14 0.919913159587
2 15 0.698163923874
2 16 0.462114586810
2 17 0.508788269019
2 18 0.117676091532
2 19 0.581740027620
2 20 0.158241344999
2 21 0.715729308879
2 22 0.098676079135
2 23 0.515414112625
2 24 0.949111151497
2 25 0.366015274248
2 26 0.196350858755
2 27 0.625610726684
2 28 0.720171423754
2 29 0.234673451992
2 30 0.762095914989
2 31 0.405646566130
2 32 0.630658636481
2 33 0.987629427975
2 34 0.017701702423
2 35 0.617355833794
2 36 0.550220554840
2 37 0.721126377993
2 38 0.236300045482
2 39 0.491215855555
2 40 0.064966924982
2 41 0.013537195089
2 42 0.344297335135
2 43 0.182633756694
2 44 0.585079756585
2 45 0.262520437326
2 46 0.373766447600
2 47 0.942577047202
2 48 0.945725330278
2 49 0.311903131014
0 0 9
0 1 10
0 2 12
0 3 12
0 4 7
0 5 7
0 6 11
0 7 7
0 8 12
0 9 7
0 10 7
0 11 6
0 12 10
0 13 14
0 14 8
0 15 10
0 16 7
0 17 10
0 18 13
0 19 8
0 20 13
0 21 8
0 22 11
0 23 9
0 24 10
0 25 11
0 26 12
0 27 10
0 28 7
0 29 11
0 30 11
0 31 12
0 32 10
0 33 7
0 34 10
0 35 13
0 36 12
0 37 12
0 38 7
0 39 8
0 40 8
0 41 11
0 42 12
0 43 7
0 44 13
0 45 11
0 46 13
0 47 12
0 48 12
0 49 13
1 0 9
1 1 11
1 2 10
1 3 10
1 4 6
1 5 7
1 6 11
1 7 7
1 8 11
1 9 6
1 10 7
1 11 5
1 12 10
1 13 12
1 14 7
1 15 11
1 16 6
1 17 9
1 18 10
1 19 6
1 20 12
1 21 5
1 22 12
1 23 7
1 24 9
1 25 11
1 26 10
1 27 10
1 28 6
1 29 11
1 30 9
1 31 11
1 32 9
1 33 6
1 34 9
1 35 11
1 36 12
1 37 11
1 38 6
1 39 5
1 40 8
1 41 9
1 42 10
1 43 7
1 44 10
1 45 11
1 46 12
1 47 10
1 48 12
1 49 10
2 0 7
2 1 7
2 2 8
2 3 10
2 4 5
2 5 5
2 6 10
2 7 4
2 8 9
2 9 4
2 10 4
2 11 5
2 12 9
2 13 10
2 14 3
2 15 9
2 16 5
2 17 9
2 18 10
2 19 5
2 20 9
2 21 4
2 22 9
2 23 7
2 24 7
2 25 10
2 26 10
2 27 7
2 28 4
2 29 9
2 30 8
2 31 11
2 32 9
2 33 4
2 34 6
2 35 10
2 36 9
2 37 9
2 38 4
2 39 3
2 40 7
2 41 7
2 42 9
2 43 5
2 44 9
2 45 9
2 46 8
2 47 7
2 48 11
2 49 10
