3 50 10 6 10.0 3.0 1.0 95
4 18 3
0 93 5
8 65 5
6 150 9
5 127 4
1 66 5
7 212 3
5 112 3
2 51 7
4 128 8
6 100 3
8 30 9
5 105 9
1 41 9
7 193 7
8 28 8
2 48 7
1 54 3
1 52 7
1 108 7
3 78 8
0 57 9
3 48 3
0 14 7
3 50 7
0 21 7
8 201 9
2 84 3
7 13 7
4 145 9
0 91 3
2 127 7
2 51 6
7 176 9
6 116 4
3 24 4
9 18 9
9 95 7
3 38 8
6 64 9
7 54 5
9 120 8
5 123 9
4 53 9
9 102 6
5 28 8
4 57 4
8 79 3
9 190 3
6 28 9
0 0 0.181402056077
0 1 0.185666014760
0 2 0.485018396383
0 3 0.520240586897
0 4 0.433149165877
0 5 0.093146021040
0 6 0.575783503942
0 7 0.018090424297
0 8 0.804893767532
0 9 0.233214225702
0 10 0.568862487425
0 11 0.351388062220
0 12 0.902164545452
0 13 0.664710955873
0 14 0.052101497875
0 15 0.318096513515
0 16 0.634074998138
0 17 0.957906651238
0 18 0.015312582482
0 19 0.767517487194
0 20 0.550198143887
0 21 0.337281116583
0 22 0.954445163248
0 23 0.563900052381
0 24 0.284033807823
0 25 0.359534053403
0 26 0.587870554086
0 27 0.952840027038
0 28 0.777077105909
0 29 0.109642754192
0 30 0.683384432836
0 31 0.161508530899
0 32 0.876374876898
0 33 0.191472743734
0 34 0.147355511390
0 35 0.103775445221
0 36 0.885339449271
0 37 0.701652334537
0 38 0.037763403243
0 39 0.288289680235
0 40 0.930386513950
0 41 0.265263911660
0 42 0.170208355674
0 43 0.875836299932
0 44 0.636446621897
0 45 0.703078961184
0 46 0.487777313213
0 47 0.960758006344
0 48 0.779635498552
0 49 0.803433957147
1 0 0.501482708591
1 1 0.756326814441
1 2 0.424341533181
1 3 0.848647213747
1 4 0.859592924812
1 5 0.185831326255
1 6 0.610051557931
1 7 0.444282672633
1 8 0.714582028018
1 9 0.173854352082
1 10 0.950757918566
1 11 0.292241114777
1 12 0.773239208577
1 13 0.520440300272
1 14 0.764652757527
1 15 0.263871518109
1 16 0.528884194843
1 17 0.167344330573
1 18 0.373697228629
1 19 0.411822860866
1 20 0.185127517172
1 21 0.338519713226
1 22 0.796035944488
1 23 0.335724016331
1 24 0.101306295311
1 25 0.893204673885
1 26 0.117797171304
1 27 0.235324099204
1 28 0.060248011434
1 29 0.719944591545
1 30 0.477176478336
1 31 0.080907023330
1 32 0.540758046907
1 33 0.617104832183
1 34 0.714053712495
1 35 0.400248948048
1 36 0.719246035058
1 37 0.731591764444
1 38 0.094641137770
1 39 0.610719307238
1 40 0.439969160067
1 41 0.769705617316
1 42 0.857042837220
1 43 0.501573134743
1 44 0.613267250856
1 45 0.213357597799
1 46 0.095962685227
1 47 0.171476856705
1 48 0.902584326626
1 49 0.803476744448
2 0 0.856318260252
2 1 0.178007421643
2 2 0.834832971052
2 3 0.437887354835
2 4 0.099984099627
2 5 0.817760209532
2 6 0.619096219356
2 7 0.863251520181
2 8 0.570048995564
2 9 0.180332065522
2 10 0.773068551172
2 11 0.662683478157
2 12 0.336815046655
2 13 0.899023283232
2 14 0.156869117633
2 15 0.981772450907
2 16 0.634918970393
2 17 0.674404063606
2 18 0.730667920222
2 19 0.300748905297
2 20 0.035901979262
2 21 0.374862101500
2 22 0.809513351912
2 23 0.400921019540
2 24 0.049226295414
2 25 0.498420917659
2 26 0.106487927822
2 27 0.148073109956
2 28 0.364565838488
2 29 0.577916225228
2 30 0.607575727073
2 31 0.159315305916
2 32 0.359055638115
2 33 0.089292024245
2 34 0.120382301806
2 35 0.061768010162
2 36 0.824832960603
2 37 0.080018804351
2 38 0.087503981836
2 39 0.042982769862
2 40 0.747177988939
2 41 0.841304644719
2 42 0.808104984955
2 43 0.917762399369
2 44 0.911465797833
2 45 0.425121981765
2 46 0.202413234926
2 47 0.290292651839
2 48 0.480965996788
2 49 0.031834958869
0 0 6
0 1 8
0 2 9
0 3 13
0 4 9
0 5 9
0 6 8
0 7 7
0 8 10
0 9 12
0 10 7
0 11 13
0 12 13
0 13 13
0 14 12
0 15 12
0 16 12
0 17 8
0 18 11
0 19 12
0 20 11
0 21 13
0 22 6
0 23 11
0 24 11
0 25 12
0 26 14
0 27 7
0 28 10
0 29 14
0 30 8
0 31 12
0 32 10
0 33 13
0 34 9
0 35 9
0 36 13
0 37 12
0 38 11
0 39 12
0 40 9
0 41 12
0 42 13
0 43 14
0 44 11
0 45 12
0 46 9
0 47 7
0 48 7
0 49 13
1 0 6
1 1 8
1 2 10
1 3 13
1 4 8
1 5 8
1 6 8
1 7 8
1 8 11
1 9 12
1 10 6
1 11 12
1 12 14
1 13 14
1 14 11
1 15 12
1 16 12
1 17 8
1 18 11
1 19 12
1 20 12
1 21 13
1 22 8
1 23 12
1 24 12
1 25 11
1 26 12
1 27 6
1 28 12
1 29 12
1 30 8
1 31 10
1 32 9
1 33 12
1 34 9
1 35 7
1 36 14
1 37 12
1 38 11
1 39 13
1 40 10
1 41 13
1 42 13
1 43 13
1 44 10
1 45 11
1 46 9
1 47 6
1 48 7
1 49 13
2 0 6
2 1 10
2 2 8
2 3 12
2 4 8
2 5 8
2 6 6
2 7 6
2 8 12
2 9 11
2 10 8
2 11 12
2 12 13
2 13 12
2 14 11
2 15 12
2 16 10
2 17 7
2 18 10
2 19 11
2 20 12
2 21 12
2 22 7
2 23 12
2 24 10
2 25 11
2 26 13
2 27 8
2 28 11
2 29 12
2 30 6
2 31 10
2 32 9
2 33 12
2 34 8
2 35 9
2 36 13
2 37 11
2 38 13
2 39 14
2 40 10
2 41 11
2 42 13
2 43 12
2 44 9
2 45 11
2 46 8
2 47 8
2 48 8
2 49 12
