3 50 10 6 10.0 3.0 1.0 95
0 98 9
7 141 4
4 102 7
0 18 3
2 79 8
7 130 9
6 158 8
1 22 8
1 74 9
7 50 8
8 170 6
2 59 7
2 21 3
0 61 7
9 245 8
6 2 3
5 40 9
6 40 8
2 85 5
8 173 7
9 102 3
1 108 4
7 87 3
3 33 6
0 78 4
3 126 7
5 95 7
8 182 9
5 82 8
4 28 4
8 40 3
1 102 7
4 110 7
4 15 9
4 158 3
9 215 8
1 42 3
6 40 4
7 93 8
3 70 7
0 29 9
3 135 9
9 25 9
9 175 5
8 33 7
5 174 5
2 121 7
3 2 3
5 4 3
6 22 8
0 0 0.441267657853
0 1 0.637831140199
0 2 0.860373733964
0 3 0.519604906985
0 4 0.883857765135
0 5 0.066254384719
0 6 0.517727747364
0 7 0.903300410095
0 8 0.101291297978
0 9 0.292704314304
0 10 0.574801294260
0 11 0.431429963354
0 12 0.865992496753
0 13 0.144129160663
0 14 0.520984615122
0 15 0.001562652331
0 16 0.770702184014
0 17 0.091166128924
0 18 0.583465096578
0 19 0.088348052340
0 20 0.298280455548
0 21 0.728104176696
0 22 0.225891595419
0 23 0.518187666803
0 24 0.184084317141
0 25 0.879095973263
0 26 0.780760205418
0 27 0.343976866721
0 28 0.644155662204
0 29 0.833092692602
0 30 0.969175000124
0 31 0.370597228790
0 32 0.056119663963
0 33 0.704944651877
0 34 0.564001704742
0 35 0.647544550338
0 36 0.163210504380
0 37 0.558493056921
0 38 0.533664701732
0 39 0.830626663573
0 40 0.900835516703
0 41 0.780447682023
0 42 0.440241012356
0 43 0.475295553345
0 44 0.923392366329
0 45 0.615555066758
0 46 0.399147592987
0 47 0.136600487454
0 48 0.477428541386
0 49 0.069579710336
1 0 0.476926499414
1 1 0.600613223998
1 2 0.656156434557
1 3 0.072498304385
1 4 0.988844515336
1 5 0.348972777282
1 6 0.038467126657
1 7 0.179462283357
1 8 0.285496550351
1 9 0.021523192554
1 10 0.002822872963
1 11 0.924594455923
1 12 0.102515796952
1 13 0.274665592656
1 14 0.890165692783
1 15 0.371095742734
1 16 0.891702676076
1 17 0.872056100521
1 18 0.609901247615
1 19 0.239269865473
1 20 0.996166414324
1 21 0.805098579393
1 22 0.037162308092
1 23 0.698831476182
1 24 0.814236516809
1 25 0.844700653027
1 26 0.592710107145
1 27 0.463854578171
1 28 0.287750492038
1 29 0.558618659279
1 30 0.860983632131
1 31 0.434617169142
1 32 0.724610082369
1 33 0.060422876428
1 34 0.503658026591
1 35 0.316939228456
1 36 0.045109211993
1 37 0.547170402029
1 38 0.867081893351
1 39 0.909368713814
1 40 0.191493457663
1 41 0.888828844050
1 42 0.270388391253
1 43 0.432769908794
1 44 0.790805332350
1 45 0.522508379968
1 46 0.273952767414
1 47 0.166559955377
1 48 0.748951078633
1 49 0.065533895990
2 0 0.802956918772
2 1 0.131560992835
2 2 0.885062985634
2 3 0.142871545537
2 4 0.058724840524
2 5 0.909931840774
2 6 0.671285324356
2 7 0.695356923061
2 8 0.648157863173
2 9 0.811330774247
2 10 0.920791997476
2 11 0.296185240989
2 12 0.914687418292
2 13 0.806679419241
2 14 0.162199325258
2 15 0.528869448900
2 16 0.133071390623
2 17 0.303890616500
2 18 0.022974426986
2 19 0.871680407724
2 20 0.322739803715
2 21 0.313883978136
2 22 0.460353655602
2 23 0.558251130095
2 24 0.742137371835
2 25 0.775368971205
2 26 0.497507379849
2 27 0.198791675872
2 28 0.403309804538
2 29 0.293392405818
2 30 0.814604854842
2 31 0.172835885781
2 32 0.386877336536
2 33 0.805105907349
2 34 0.518763179142
2 35 0.314642311925
2 36 0.588436114393
2 37 0.855290612330
2 38 0.762809737499
2 39 0.652812080498
2 40 0.787862518491
2 41 0.250256317092
2 42 0.612595692518
2 43 0.731091634580
2 44 0.655656625731
2 45 0.171198404336
2 46 0.445108985307
2 47 0.720584500953
2 48 0.929274316358
2 49 0.051739957439
0 0 10
0 1 6
0 2 7
0 3 5
0 4 10
0 5 10
0 6 9
0 7 8
0 8 9
0 9 9
0 10 6
0 11 9
0 12 5
0 13 8
0 14 9
0 15 5
0 16 9
0 17 8
0 18 5
0 19 9
0 20 3
0 21 6
0 22 5
0 23 7
0 24 4
0 25 8
0 26 8
0 27 10
0 28 10
0 29 6
0 30 3
0 31 7
0 32 8
0 33 11
0 34 5
0 35 9
0 36 4
0 37 4
0 38 9
0 39 8
0 40 9
0 41 10
0 42 9
0 43 7
0 44 8
0 45 5
0 46 7
0 47 4
0 48 4
0 49 8
1 0 11
1 1 8
1 2 11
1 3 7
1 4 10
1 5 11
1 6 10
1 7 12
1 8 12
1 9 11
1 10 8
1 11 9
1 12 6
1 13 11
1 14 11
1 15 6
1 16 12
1 17 12
1 18 7
1 19 9
1 20 5
1 21 8
1 22 6
1 23 9
1 24 7
1 25 10
1 26 11
1 27 11
1 28 12
1 29 6
1 30 6
1 31 10
1 32 9
1 33 12
1 34 7
1 35 12
1 36 5
1 37 7
1 38 10
1 39 10
1 40 13
1 41 12
1 42 11
1 43 8
1 44 11
1 45 9
1 46 10
1 47 6
1 48 6
1 49 11
2 0 11
2 1 7
2 2 9
2 3 6
2 4 11
2 5 12
2 6 10
2 7 12
2 8 13
2 9 11
2 10 10
2 11 11
2 12 7
2 13 10
2 14 12
2 15 7
2 16 12
2 17 10
2 18 9
2 19 10
2 20 7
2 21 8
2 22 7
2 23 9
2 24 7
2 25 11
2 26 9
2 27 12
2 28 11
2 29 7
2 30 5
2 31 11
2 32 10
2 33 11
2 34 7
2 35 10
2 36 6
2 37 6
2 38 11
2 39 9
2 40 11
2 41 13
2 42 11
2 43 9
2 44 9
2 45 9
2 46 10
2 47 5
2 48 6
2 49 11
