3 50 10 6 10.0 3.0 1.0 95
0 44 9
8 58 8
9 105 9
5 158 9
3 34 3
8 152 3
4 25 7
3 84 7
8 131 5
7 108 3
5 147 3
7 80 8
5 9 9
1 102 7
6 48 9
1 62 8
0 19 8
2 4 7
9 222 6
9 105 8
0 79 3
2 23 3
5 61 9
8 175 9
3 87 7
9 58 7
1 36 5
6 130 4
3 12 5
1 34 8
6 172 3
4 103 6
7 158 9
6 18 8
8 219 9
2 97 7
7 104 9
6 142 9
4 110 7
3 70 7
0 51 7
4 92 3
2 63 9
5 134 4
7 52 6
0 29 6
4 7 8
9 70 3
1 34 3
2 37 6
0 0 0.774463352854
0 1 0.308786525057
0 2 0.333917697975
0 3 0.815382334299
0 4 0.056695467076
0 5 0.935499938585
0 6 0.231328613320
0 7 0.405556476968
0 8 0.444876338506
0 9 0.479204804251
0 10 0.451034378889
0 11 0.762675389317
0 12 0.780155124373
0 13 0.536958774481
0 14 0.385353019394
0 15 0.092475522333
0 16 0.795288203246
0 17 0.726732113438
0 18 0.904551994460
0 19 0.446188933982
0 20 0.052686414485
0 21 0.973473237355
0 22 0.265858769157
0 23 0.038591475952
0 24 0.462365755943
0 25 0.714561135568
0 26 0.489181159720
0 27 0.584270127566
0 28 0.903148230534
0 29 0.369757101516
0 30 0.720345067028
0 31 0.389041974340
0 32 0.942931557534
0 33 0.695094564921
0 34 0.224671422674
0 35 0.704432263361
0 36 0.017187338843
0 37 0.508918287766
0 38 0.030900222121
0 39 0.164773530080
0 40 0.382239377129
0 41 0.968135672609
0 42 0.166904283608
0 43 0.337879407761
0 44 0.930605321802
0 45 0.486809380887
0 46 0.869683831742
0 47 0.734096053337
0 48 0.880482134965
0 49 0.189665056178
1 0 0.954604026572
1 1 0.142786830836
1 2 0.989005944602
1 3 0.593003052586
1 4 0.827322691722
1 5 0.752071743218
1 6 0.604645519369
1 7 0.713265625969
1 8 0.358622946413
1 9 0.684016050722
1 10 0.575495957084
1 11 0.162723311929
1 12 0.718040518767
1 13 0.410744331606
1 14 0.031006954704
1 15 0.075269688132
1 16 0.195299328691
1 17 0.083221484931
1 18 0.035652300888
1 19 0.041292457658
1 20 0.938929173678
1 21 0.034953229726
1 22 0.752421237965
1 23 0.412741511555
1 24 0.597905214404
1 25 0.466538246249
1 26 0.667401177907
1 27 0.192626324009
1 28 0.857978679601
1 29 0.217586147030
1 30 0.567900473372
1 31 0.186599039698
1 32 0.242606091681
1 33 0.273422851713
1 34 0.363023634292
1 35 0.788228745383
1 36 0.812413536387
1 37 0.976586626491
1 38 0.778018974631
1 39 0.134530777075
1 40 0.118044305664
1 41 0.455800763093
1 42 0.352835171544
1 43 0.278463349791
1 44 0.400613316673
1 45 0.149064983886
1 46 0.205786345353
1 47 0.826490039516
1 48 0.089673638211
1 49 0.592321688394
2 0 0.080366544507
2 1 0.635425570205
2 2 0.455706576991
2 3 0.420543886040
2 4 0.377342139894
2 5 0.326913840634
2 6 0.038961790168
2 7 0.668692954838
2 8 0.016240231239
2 9 0.437295623729
2 10 0.319350842539
2 11 0.463416450322
2 12 0.456502032519
2 13 0.911118357822
2 14 0.001761551672
2 15 0.505554352995
2 16 0.499913709684
2 17 0.898926348543
2 18 0.924423774995
2 19 0.100535436823
2 20 0.277043011687
2 21 0.268353415136
2 22 0.735780010847
2 23 0.016794312162
2 24 0.837623078666
2 25 0.901097997708
2 26 0.291592850299
2 27 0.056471497319
2 28 0.067595685544
2 29 0.665244205729
2 30 0.477662650501
2 31 0.610668849558
2 32 0.518714915348
2 33 0.877541798405
2 34 0.219394074464
2 35 0.074232370427
2 36 0.542682881117
2 37 0.712336559992
2 38 0.728147413368
2 39 0.340625551943
2 40 0.374982553602
2 41 0.575881546029
2 42 0.647999299279
2 43 0.384878400453
2 44 0.631542359219
2 45 0.402683098634
2 46 0.297872288264
2 47 0.703535033021
2 48 0.679983373013
2 49 0.486409251948
0 0 10
0 1 8
0 2 10
0 3 10
0 4 3
0 5 3
0 6 7
0 7 9
0 8 7
0 9 3
0 10 5
0 11 9
0 12 9
0 13 9
0 14 10
0 15 9
0 16 9
0 17 8
0 18 8
0 19 9
0 20 5
0 21 4
0 22 11
0 23 11
0 24 8
0 25 7
0 26 6
0 27 4
0 28 6
0 29 8
0 30 4
0 31 8
0 32 9
0 33 10
0 34 9
0 35 9
0 36 11
0 37 9
0 38 8
0 39 7
0 40 9
0 41 3
0 42 9
0 43 6
0 44 7
0 45 6
0 46 8
0 47 5
0 48 5
0 49 6
1 0 10
1 1 9
1 2 9
1 3 11
1 4 3
1 5 4
1 6 8
1 7 8
1 8 7
1 9 4
1 10 5
1 11 10
1 12 11
1 13 9
1 14 9
1 15 8
1 16 8
1 17 7
1 18 7
1 19 8
1 20 3
1 21 3
1 22 9
1 23 9
1 24 8
1 25 9
1 26 5
1 27 5
1 28 5
1 29 10
1 30 3
1 31 8
1 32 11
1 33 9
1 34 11
1 35 8
1 36 9
1 37 10
1 38 9
1 39 9
1 40 7
1 41 3
1 42 9
1 43 6
1 44 8
1 45 8
1 46 9
1 47 4
1 48 4
1 49 8
2 0 11
2 1 11
2 2 13
2 3 13
2 4 5
2 5 7
2 6 11
2 7 10
2 8 9
2 9 7
2 10 6
2 11 10
2 12 12
2 13 11
2 14 11
2 15 12
2 16 10
2 17 9
2 18 8
2 19 10
2 20 7
2 21 6
2 22 13
2 23 12
2 24 11
2 25 9
2 26 8
2 27 6
2 28 7
2 29 12
2 30 5
2 31 8
2 32 11
2 33 10
2 34 12
2 35 11
2 36 13
2 37 12
2 38 10
2 39 10
2 40 11
2 41 7
2 42 13
2 43 6
2 44 8
2 45 9
2 46 10
2 47 7
2 48 7
2 49 10
