3 50 10 6 10.0 3.0 1.0 95
9 118 9
2 56 9
5 138 8
7 191 7
7 178 3
9 230 8
1 110 8
4 97 7
1 10 7
5 108 8
5 18 3
9 52 8
0 62 8
1 54 4
4 3 9
5 92 6
9 145 3
2 92 7
6 138 3
7 150 9
0 80 6
4 80 3
7 143 4
0 91 9
3 64 8
8 187 6
3 68 5
3 30 3
0 59 8
2 7 4
8 7 8
0 14 3
8 184 3
1 4 8
9 180 6
6 36 6
6 120 9
6 74 8
2 71 9
8 184 9
3 108 7
6 128 8
7 143 7
4 148 4
2 36 3
5 108 9
3 110 7
4 2 8
1 49 3
8 203 7
0 0 0.439324360904
0 1 0.934376915167
0 2 0.787637118610
0 3 0.867573875389
0 4 0.497806757555
0 5 0.469333309765
0 6 0.267056756482
0 7 0.076071255399
0 8 0.713556681884
0 9 0.644664491130
0 10 0.767004158695
0 11 0.942260405947
0 12 0.827284874847
0 13 0.071986909218
0 14 0.586791383647
0 15 0.055298458092
0 16 0.677320808929
0 17 0.479026721600
0 18 0.769785771214
0 19 0.786859483210
0 20 0.848026212288
0 21 0.831417119700
0 22 0.713073891018
0 23 0.877695052512
0 24 0.763558048458
0 25 0.823369965491
0 26 0.592585265509
0 27 0.243586705432
0 28 0.454498450162
0 29 0.086371862870
0 30 0.021361230089
0 31 0.897451799659
0 32 0.920906277323
0 33 0.805900603049
0 34 0.059072555419
0 35 0.237205457378
0 36 0.415401772696
0 37 0.381345741452
0 38 0.328033914267
0 39 0.359027452116
0 40 0.026029815931
0 41 0.940113954042
0 42 0.468920380414
0 43 0.850175268904
0 44 0.389289070046
0 45 0.020328853459
0 46 0.746206391887
0 47 0.300819051633
0 48 0.158803322356
0 49 0.532494229248
1 0 0.307008731669
1 1 0.308435868717
1 2 0.567159303141
1 3 0.206483333816
1 4 0.445150759574
1 5 0.326201616317
1 6 0.636113821746
1 7 0.816668947525
1 8 0.997671638063
1 9 0.258243499794
1 10 0.370879402862
1 11 0.571411382399
1 12 0.271278244990
1 13 0.372760764258
1 14 0.853061214092
1 15 0.358655235932
1 16 0.079001413281
1 17 0.581183896814
1 18 0.228133413721
1 19 0.207419925391
1 20 0.323964095036
1 21 0.988039998304
1 22 0.140157521489
1 23 0.939361433388
1 24 0.172095648538
1 25 0.649938914324
1 26 0.145809906226
1 27 0.248563570521
1 28 0.541970744601
1 29 0.214390736024
1 30 0.051031277400
1 31 0.253588442208
1 32 0.504079962008
1 33 0.566467038887
1 34 0.642367748595
1 35 0.551386894392
1 36 0.573960547609
1 37 0.281874313518
1 38 0.573574101969
1 39 0.412915366982
1 40 0.822889281259
1 41 0.679742763761
1 42 0.360743654656
1 43 0.578771104423
1 44 0.286788263910
1 45 0.860028191864
1 46 0.149780745117
1 47 0.088944877980
1 48 0.346329606236
1 49 0.587338773619
2 0 0.620908731125
2 1 0.894740276537
2 2 0.585205857690
2 3 0.966880586133
2 4 0.403455075733
2 5 0.340571183448
2 6 0.126718929153
2 7 0.777016170145
2 8 0.952519212991
2 9 0.339737291032
2 10 0.761060682838
2 11 0.074403350386
2 12 0.435797512286
2 13 0.568046941303
2 14 0.766752662224
2 15 0.190624158832
2 16 0.758697543719
2 17 0.462592379013
2 18 0.308972709527
2 19 0.917450768285
2 20 0.388678267226
2 21 0.734642758218
2 22 0.031183449641
2 23 0.262911287419
2 24 0.103021322119
2 25 0.877640083331
2 26 0.083570637880
2 27 0.601835259181
2 28 0.072060289579
2 29 0.764289500171
2 30 0.286221377327
2 31 0.064593420428
2 32 0.752164690783
2 33 0.701848353582
2 34 0.453867357275
2 35 0.502735387754
2 36 0.092187614685
2 37 0.578010860651
2 38 0.019660983385
2 39 0.153755327303
2 40 0.783104395305
2 41 0.946442581229
2 42 0.870507519853
2 43 0.322911614728
2 44 0.925927542491
2 45 0.206000400572
2 46 0.322550180921
2 47 0.436020859155
2 48 0.913852040464
2 49 0.058533370274
0 0 12
0 1 13
0 2 10
0 3 11
0 4 5
0 5 12
0 6 12
0 7 11
0 8 10
0 9 10
0 10 7
0 11 12
0 12 11
0 13 7
0 14 11
0 15 10
0 16 7
0 17 11
0 18 6
0 19 13
0 20 9
0 21 5
0 22 6
0 23 12
0 24 12
0 25 10
0 26 8
0 27 5
0 28 11
0 29 8
0 30 11
0 31 5
0 32 5
0 33 11
0 34 9
0 35 9
0 36 11
0 37 10
0 38 12
0 39 11
0 40 10
0 41 11
0 42 9
0 43 7
0 44 5
0 45 11
0 46 11
0 47 11
0 48 6
0 49 9
1 0 11
1 1 12
1 2 11
1 3 9
1 4 6
1 5 10
1 6 10
1 7 10
1 8 9
1 9 12
1 10 5
1 11 11
1 12 11
1 13 6
1 14 13
1 15 10
1 16 6
1 17 10
1 18 5
1 19 13
1 20 10
1 21 7
1 22 6
1 23 13
1 24 12
1 25 8
1 26 8
1 27 5
1 28 10
1 29 7
1 30 12
1 31 7
1 32 5
1 33 11
1 34 10
1 35 10
1 36 11
1 37 11
1 38 11
1 39 11
1 40 11
1 41 11
1 42 10
1 43 8
1 44 6
1 45 11
1 46 9
1 47 12
1 48 7
1 49 10
2 0 12
2 1 13
2 2 11
2 3 10
2 4 6
2 5 12
2 6 12
2 7 10
2 8 10
2 9 12
2 10 6
2 11 12
2 12 11
2 13 6
2 14 12
2 15 10
2 16 7
2 17 9
2 18 7
2 19 13
2 20 8
2 21 7
2 22 7
2 23 12
2 24 10
2 25 10
2 26 8
2 27 6
2 28 10
2 29 8
2 30 10
2 31 7
2 32 5
2 33 12
2 34 9
2 35 9
2 36 11
2 37 11
2 38 12
2 39 11
2 40 9
2 41 12
2 42 11
2 43 7
2 44 7
2 45 13
2 46 11
2 47 11
2 48 7
2 49 11
