3 50 10 6 10.0 3.0 1.0 95
3 110 7
7 11 3
2 69 4
4 153 7
3 40 3
5 178 6
9 215 8
9 115 9
4 130 7
1 105 7
9 248 3
8 35 9
5 18 9
2 24 7
0 4 3
3 93 4
0 79 7
2 21 3
9 78 7
6 50 9
0 15 8
5 112 3
6 148 3
8 54 4
9 18 5
4 2 7
5 169 9
6 186 4
8 30 3
4 115 3
1 82 7
1 79 9
8 56 7
2 84 8
7 184 7
5 116 9
0 10 8
0 8 4
6 170 9
3 108 9
8 100 7
7 180 4
7 61 8
6 104 7
4 88 5
1 40 4
3 132 7
7 33 7
2 69 8
1 56 3
0 0 0.146579632290
0 1 0.683413172974
0 2 0.114196752684
0 3 0.471634396761
0 4 0.624656003042
0 5 0.366899216436
0 6 0.301779837184
0 7 0.993423145577
0 8 0.966121992083
0 9 0.178066120324
0 10 0.463783191196
0 11 0.482460140815
0 12 0.910429956321
0 13 0.794596502928
0 14 0.692942216791
0 15 0.553818279591
0 16 0.077103950724
0 17 0.167281738427
0 18 0.389568029761
0 19 0.288431462774
0 20 0.488901386521
0 21 0.735519889496
0 22 0.492331954241
0 23 0.935908024207
0 24 0.623431156017
0 25 0.396731095370
0 26 0.008173144687
0 27 0.941897814075
0 28 0.433116245410
0 29 0.501043811253
0 30 0.565488491172
0 31 0.088950564042
0 32 0.552065505197
0 33 0.969369451995
0 34 0.117730937285
0 35 0.078693303316
0 36 0.924803440983
0 37 0.985507356831
0 38 0.091271247188
0 39 0.261509278947
0 40 0.844991646697
0 41 0.675533124002
0 42 0.480897516282
0 43 0.865316308802
0 44 0.123008852364
0 45 0.584309492444
0 46 0.103194406137
0 47 0.288411369329
0 48 0.445361199033
0 49 0.718716764583
1 0 0.325009072847
1 1 0.073961248101
1 2 0.332097520291
1 3 0.659633078063
1 4 0.796728342455
1 5 0.996062897459
1 6 0.680989195313
1 7 0.902979726528
1 8 0.669888197399
1 9 0.855920399030
1 10 0.941639746519
1 11 0.152701514649
1 12 0.738132118841
1 13 0.681303459770
1 14 0.297221114774
1 15 0.493000461338
1 16 0.424916347662
1 17 0.903745856191
1 18 0.002272225348
1 19 0.645684927568
1 20 0.816596139194
1 21 0.668580541150
1 22 0.829898323297
1 23 0.994974773550
1 24 0.434300626725
1 25 0.978508580809
1 26 0.075707895208
1 27 0.304730812076
1 28 0.782147636974
1 29 0.471192533819
1 30 0.707768586115
1 31 0.224066716198
1 32 0.625960636079
1 33 0.263383894994
1 34 0.776421973230
1 35 0.911176116726
1 36 0.022363193853
1 37 0.916530219117
1 38 0.469747721327
1 39 0.618588736830
1 40 0.262445639365
1 41 0.007932767950
1 42 0.536162421370
1 43 0.342097744917
1 44 0.106930450964
1 45 0.445023293327
1 46 0.881259109176
1 47 0.997446837420
1 48 0.730799153406
1 49 0.365032259657
2 0 0.018309621541
2 1 0.715702793467
2 2 0.413021206106
2 3 0.725836201944
2 4 0.327229902075
2 5 0.423076794311
2 6 0.569132825666
2 7 0.181395338308
2 8 0.794961288205
2 9 0.107206068439
2 10 0.170928645399
2 11 0.186575751876
2 12 0.239528699455
2 13 0.167175398949
2 14 0.079232182445
2 15 0.240368897971
2 16 0.165647521998
2 17 0.623855364549
2 18 0.057518910516
2 19 0.118207592514
2 20 0.221926584153
2 21 0.725784282976
2 22 0.780916343507
2 23 0.722248436844
2 24 0.100520809742
2 25 0.339970582255
2 26 0.692395922054
2 27 0.160582089435
2 28 0.426195940392
2 29 0.550884632453
2 30 0.063064718802
2 31 0.798406881784
2 32 0.715639738072
2 33 0.553868575309
2 34 0.646225605852
2 35 0.923462059986
2 36 0.560214841604
2 37 0.237120890739
2 38 0.582873240761
2 39 0.803021364652
2 40 0.375981102492
2 41 0.392107463364
2 42 0.875326360693
2 43 0.858982648085
2 44 0.501001759221
2 45 0.394676827784
2 46 0.770486999666
2 47 0.944858082545
2 48 0.692853054990
2 49 0.414061738139
0 0 10
0 1 5
0 2 8
0 3 9
0 4 7
0 5 9
0 6 11
0 7 11
0 8 9
0 9 9
0 10 5
0 11 13
0 12 12
0 13 10
0 14 5
0 15 6
0 16 10
0 17 7
0 18 9
0 19 12
0 20 10
0 21 5
0 22 6
0 23 6
0 24 8
0 25 11
0 26 13
0 27 8
0 28 6
0 29 5
0 30 10
0 31 12
0 32 9
0 33 12
0 34 9
0 35 13
0 36 12
0 37 8
0 38 13
0 39 13
0 40 10
0 41 8
0 42 11
0 43 9
0 44 7
0 45 7
0 46 9
0 47 11
0 48 11
0 49 7
1 0 10
1 1 4
1 2 6
1 3 9
1 4 5
1 5 7
1 6 10
1 7 11
1 8 8
1 9 9
1 10 6
1 11 12
1 12 10
1 13 9
1 14 5
1 15 6
1 16 8
1 17 6
1 18 8
1 19 11
1 20 9
1 21 5
1 22 4
1 23 7
1 24 6
1 25 8
1 26 11
1 27 6
1 28 6
1 29 4
1 30 10
1 31 10
1 32 9
1 33 10
1 34 10
1 35 12
1 36 11
1 37 7
1 38 11
1 39 10
1 40 10
1 41 7
1 42 9
1 43 9
1 44 8
1 45 5
1 46 9
1 47 10
1 48 9
1 49 6
2 0 8
2 1 6
2 2 7
2 3 10
2 4 6
2 5 8
2 6 11
2 7 11
2 8 9
2 9 8
2 10 5
2 11 10
2 12 11
2 13 8
2 14 6
2 15 7
2 16 9
2 17 6
2 18 10
2 19 11
2 20 9
2 21 4
2 22 4
2 23 6
2 24 7
2 25 9
2 26 10
2 27 5
2 28 5
2 29 6
2 30 9
2 31 12
2 32 10
2 33 10
2 34 10
2 35 12
2 36 9
2 37 7
2 38 12
2 39 10
2 40 9
2 41 7
2 42 9
2 43 10
2 44 7
2 45 6
2 46 9
2 47 9
2 48 11
2 49 6
