3 50 10 6 10.0 3.0 1.0 95
3 60 4
2 1 9
5 22 4
5 141 9
6 4 9
8 166 7
2 53 6
8 105 8
1 93 4
9 42 8
3 58 9
2 53 8
9 190 9
0 27 3
4 15 4
4 75 7
9 60 6
0 59 7
1 18 7
6 88 3
0 37 6
0 47 9
4 22 8
3 105 3
9 2 3
4 62 3
2 5 3
3 144 7
6 38 4
7 56 8
4 22 8
5 48 3
7 210 7
8 135 3
1 66 8
5 127 9
8 89 5
1 52 3
6 124 7
9 75 8
8 196 7
5 66 8
7 204 6
3 87 8
7 39 3
0 49 9
2 17 8
7 54 7
1 55 9
6 180 7
0 0 0.228067533276
0 1 0.150323399444
0 2 0.952695224476
0 3 0.945511138098
0 4 0.441551675757
0 5 0.029124357771
0 6 0.928264920542
0 7 0.843970932617
0 8 0.363155386767
0 9 0.761435459199
0 10 0.682859963949
0 11 0.019276502883
0 12 0.567869201218
0 13 0.113929871741
0 14 0.546854208581
0 15 0.034275515327
0 16 0.260858508543
0 17 0.446341804586
0 18 0.161559070823
0 19 0.414800483514
0 20 0.724982212089
0 21 0.014437953398
0 22 0.664546251768
0 23 0.369836592185
0 24 0.730023521702
0 25 0.027191643283
0 26 0.480481681748
0 27 0.055095041991
0 28 0.853548967168
0 29 0.120037824679
0 30 0.113793671434
0 31 0.714853060829
0 32 0.304892254548
0 33 0.392388414374
0 34 0.649201709337
0 35 0.433926550323
0 36 0.106718962556
0 37 0.883063395605
0 38 0.166926306120
0 39 0.898538443864
0 40 0.461720731197
0 41 0.048823326191
0 42 0.444753075039
0 43 0.491278854517
0 44 0.843976688384
0 45 0.109489725212
0 46 0.314877827101
0 47 0.665354121421
0 48 0.407591612998
0 49 0.698040780098
1 0 0.094912928354
1 1 0.084168501253
1 2 0.564840362076
1 3 0.234505767814
1 4 0.107109243635
1 5 0.136710550996
1 6 0.281955526227
1 7 0.888814492514
1 8 0.211577146083
1 9 0.145500887089
1 10 0.705176950437
1 11 0.814949159816
1 12 0.098672273679
1 13 0.872541610352
1 14 0.997949569906
1 15 0.097443060732
1 16 0.196091684289
1 17 0.082799735960
1 18 0.344762552307
1 19 0.340091503621
1 20 0.613700440760
1 21 0.941498247987
1 22 0.916753759341
1 23 0.698952430661
1 24 0.440409447510
1 25 0.771469963919
1 26 0.722883701187
1 27 0.309103265617
1 28 0.443671259656
1 29 0.193696280581
1 30 0.498683162507
1 31 0.612378039876
1 32 0.951443467067
1 33 0.829610088325
1 34 0.138504997624
1 35 0.554118757712
1 36 0.617705908031
1 37 0.221376427108
1 38 0.245187201402
1 39 0.403740617435
1 40 0.919082469924
1 41 0.710504527956
1 42 0.504409764899
1 43 0.211311978416
1 44 0.579614735576
1 45 0.045290600246
1 46 0.259555945368
1 47 0.403121632212
1 48 0.026597334314
1 49 0.316596305771
2 0 0.615134259176
2 1 0.851696055789
2 2 0.344705195585
2 3 0.880964297356
2 4 0.602222499746
2 5 0.460740414827
2 6 0.583555168925
2 7 0.313701412163
2 8 0.965074824353
2 9 0.402118747149
2 10 0.796775874626
2 11 0.736567430409
2 12 0.471325938037
2 13 0.411420518069
2 14 0.351042356595
2 15 0.556808813414
2 16 0.823842269930
2 17 0.644566631042
2 18 0.628473264712
2 19 0.689388454794
2 20 0.326546044013
2 21 0.835039791163
2 22 0.460070028479
2 23 0.008417605584
2 24 0.006595341828
2 25 0.264895264527
2 26 0.077523839252
2 27 0.493257560521
2 28 0.372923324490
2 29 0.871537009794
2 30 0.285278401717
2 31 0.700088298792
2 32 0.370992468247
2 33 0.105084107470
2 34 0.944239265327
2 35 0.540023970756
2 36 0.416991806249
2 37 0.813841149842
2 38 0.325971708637
2 39 0.897726318416
2 40 0.581503786643
2 41 0.827825117664
2 42 0.534391564423
2 43 0.357769607396
2 44 0.815200125289
2 45 0.536368138405
2 46 0.071842706311
2 47 0.451743911547
2 48 0.629875987466
2 49 0.362063109737
0 0 8
0 1 11
0 2 8
0 3 12
0 4 13
0 5 9
0 6 8
0 7 10
0 8 7
0 9 11
0 10 11
0 11 11
0 12 11
0 13 7
0 14 7
0 15 10
0 16 10
0 17 11
0 18 10
0 19 5
0 20 9
0 21 11
0 22 10
0 23 6
0 24 5
0 25 7
0 26 5
0 27 10
0 28 8
0 29 11
0 30 11
0 31 7
0 32 10
0 33 7
0 34 10
0 35 11
0 36 9
0 37 5
0 38 9
0 39 12
0 40 10
0 41 11
0 42 10
0 43 11
0 44 5
0 45 13
0 46 10
0 47 9
0 48 11
0 49 10
1 0 4
1 1 11
1 2 4
1 3 10
1 4 11
1 5 7
1 6 8
1 7 9
1 8 5
1 9 9
1 10 10
1 11 9
1 12 11
1 13 3
1 14 5
1 15 7
1 16 7
1 17 7
1 18 9
1 19 4
1 20 7
1 21 10
1 22 9
1 23 4
1 24 5
1 25 5
1 26 3
1 27 9
1 28 6
1 29 8
1 30 8
1 31 3
1 32 7
1 33 5
1 34 9
1 35 11
1 36 5
1 37 3
1 38 7
1 39 8
1 40 9
1 41 8
1 42 8
1 43 10
1 44 3
1 45 11
1 46 9
1 47 8
1 48 9
1 49 7
2 0 6
2 1 11
2 2 5
2 3 12
2 4 11
2 5 9
2 6 8
2 7 11
2 8 7
2 9 10
2 10 11
2 11 11
2 12 11
2 13 6
2 14 7
2 15 9
2 16 9
2 17 10
2 18 10
2 19 5
2 20 9
2 21 12
2 22 11
2 23 6
2 24 4
2 25 4
2 26 4
2 27 10
2 28 7
2 29 10
2 30 11
2 31 4
2 32 10
2 33 6
2 34 10
2 35 10
2 36 7
2 37 5
2 38 8
2 39 11
2 40 10
2 41 11
2 42 9
2 43 10
2 44 4
2 45 10
2 46 11
2 47 10
2 48 12
2 49 10
