3 50 10 6 10.0 3.0 1.0 95
9 105 5
0 24 8
0 84 7
6 120 9
9 172 3
4 165 7
7 91 5
2 127 7
8 194 4
5 70 7
3 69 3
0 35 9
8 128 9
1 36 8
7 56 7
8 14 3
6 16 5
2 57 7
9 15 9
2 67 3
6 132 9
2 49 5
3 21 7
5 26 8
7 152 7
5 57 3
3 105 4
1 72 3
8 9 8
0 74 6
7 206 3
4 13 3
1 51 6
3 87 7
8 110 7
7 100 9
5 82 8
6 110 7
4 153 7
9 142 7
5 106 6
0 37 3
4 132 4
9 85 9
1 66 8
3 96 8
1 49 9
6 10 3
4 118 7
2 21 9
0 0 0.064212297410
0 1 0.803071240213
0 2 0.540385910626
0 3 0.906200302264
0 4 0.289610602816
0 5 0.369296690275
0 6 0.042435005736
0 7 0.933911619589
0 8 0.257252411064
0 9 0.506160970191
0 10 0.883986711714
0 11 0.637049294749
0 12 0.886468554932
0 13 0.363383599496
0 14 0.749255668326
0 15 0.236508625485
0 16 0.694845547566
0 17 0.063848540722
0 18 0.686232177819
0 19 0.127000032784
0 20 0.763993687543
0 21 0.893056343336
0 22 0.753410405470
0 23 0.494414271177
0 24 0.485307127728
0 25 0.728969118455
0 26 0.406559866150
0 27 0.312753177254
0 28 0.684074254309
0 29 0.198575358420
0 30 0.999723080508
0 31 0.849308751174
0 32 0.595615468697
0 33 0.240332882661
0 34 0.000307980067
0 35 0.309185867309
0 36 0.700045655467
0 37 0.511811521101
0 38 0.165186732111
0 39 0.797886207882
0 40 0.431010239493
0 41 0.194094755138
0 42 0.226540900677
0 43 0.866971880264
0 44 0.114468539112
0 45 0.848590540320
0 46 0.077292903077
0 47 0.817614509783
0 48 0.395675667409
0 49 0.807286831094
1 0 0.056170863023
1 1 0.898867806438
1 2 0.387293872356
1 3 0.570070388267
1 4 0.911344761352
1 5 0.665211889078
1 6 0.917014914353
1 7 0.171246177029
1 8 0.255307550065
1 9 0.018131063921
1 10 0.876615632923
1 11 0.576716762147
1 12 0.426474494307
1 13 0.099103951769
1 14 0.064718721521
1 15 0.359772365053
1 16 0.834352657868
1 17 0.103726474196
1 18 0.135019825248
1 19 0.244357943738
1 20 0.867888413948
1 21 0.719444815233
1 22 0.610100283032
1 23 0.486772423155
1 24 0.842552769101
1 25 0.430118282738
1 26 0.213010437012
1 27 0.364419255753
1 28 0.184974790229
1 29 0.132158432564
1 30 0.267657935564
1 31 0.768984255609
1 32 0.756776821786
1 33 0.608047373293
1 34 0.091722400058
1 35 0.715400107840
1 36 0.319085921494
1 37 0.624356346878
1 38 0.800596405441
1 39 0.442815081302
1 40 0.891749623882
1 41 0.456073139242
1 42 0.867425758975
1 43 0.701497093326
1 44 0.681693103704
1 45 0.940557202345
1 46 0.513523974922
1 47 0.603091144925
1 48 0.904488386900
1 49 0.707659170798
2 0 0.040904994124
2 1 0.595653182812
2 2 0.405529976775
2 3 0.021657304221
2 4 0.723165960784
2 5 0.822965899690
2 6 0.255579953473
2 7 0.658549481801
2 8 0.965756125535
2 9 0.212041764716
2 10 0.596659230783
2 11 0.013679377633
2 12 0.576470484509
2 13 0.873745278774
2 14 0.465464917196
2 15 0.554528136461
2 16 0.371159408245
2 17 0.035984720562
2 18 0.149334746432
2 19 0.222676889545
2 20 0.479600229402
2 21 0.705798643705
2 22 0.950805559674
2 23 0.794285552465
2 24 0.215566609703
2 25 0.135464483642
2 26 0.445596350193
2 27 0.516514418535
2 28 0.952574590640
2 29 0.673568492287
2 30 0.590346085662
2 31 0.231476357035
2 32 0.851264298187
2 33 0.933564206740
2 34 0.204129847071
2 35 0.751285586416
2 36 0.718904402519
2 37 0.580265600935
2 38 0.943656079696
2 39 0.455564596485
2 40 0.764762840896
2 41 0.495401313257
2 42 0.787922302980
2 43 0.277700338853
2 44 0.539114827266
2 45 0.419202041763
2 46 0.298940561909
2 47 0.122694040230
2 48 0.914634082908
2 49 0.161161432763
0 0 10
0 1 12
0 2 12
0 3 12
0 4 6
0 5 12
0 6 9
0 7 11
0 8 8
0 9 12
0 10 7
0 11 14
0 12 13
0 13 13
0 14 10
0 15 6
0 16 10
0 17 12
0 18 14
0 19 6
0 20 13
0 21 10
0 22 12
0 23 11
0 24 11
0 25 7
0 26 8
0 27 7
0 28 12
0 29 11
0 30 8
0 31 7
0 32 10
0 33 12
0 34 10
0 35 13
0 36 13
0 37 10
0 38 10
0 39 11
0 40 10
0 41 8
0 42 7
0 43 13
0 44 11
0 45 12
0 46 12
0 47 6
0 48 10
0 49 14
1 0 5
1 1 9
1 2 8
1 3 11
1 4 5
1 5 8
1 6 6
1 7 7
1 8 5
1 9 9
1 10 5
1 11 11
1 12 9
1 13 9
1 14 8
1 15 5
1 16 5
1 17 9
1 18 9
1 19 5
1 20 9
1 21 7
1 22 8
1 23 9
1 24 8
1 25 5
1 26 6
1 27 5
1 28 10
1 29 6
1 30 4
1 31 3
1 32 8
1 33 9
1 34 8
1 35 9
1 36 10
1 37 8
1 38 7
1 39 7
1 40 6
1 41 3
1 42 5
1 43 11
1 44 8
1 45 9
1 46 10
1 47 5
1 48 9
1 49 11
2 0 8
2 1 10
2 2 10
2 3 11
2 4 7
2 5 9
2 6 9
2 7 11
2 8 7
2 9 9
2 10 7
2 11 13
2 12 13
2 13 10
2 14 11
2 15 5
2 16 8
2 17 9
2 18 13
2 19 6
2 20 12
2 21 9
2 22 11
2 23 10
2 24 11
2 25 5
2 26 8
2 27 6
2 28 10
2 29 9
2 30 7
2 31 6
2 32 8
2 33 11
2 34 11
2 35 13
2 36 11
2 37 9
2 38 9
2 39 9
2 40 10
2 41 7
2 42 6
2 43 13
2 44 10
2 45 10
2 46 12
2 47 6
2 48 10
2 49 13
