3 50 10 6 10.0 3.0 1.0 95
5 66 3
5 37 7
2 120 3
1 6 9
7 91 5
7 69 3
6 190 3
2 123 9
4 80 3
9 75 8
3 147 8
1 72 8
8 152 7
7 195 9
9 178 3
2 43 6
0 31 5
4 58 7
5 105 8
2 101 9
1 116 5
5 180 8
1 68 8
7 202 7
7 204 7
0 11 9
3 50 9
8 138 9
5 150 6
6 94 7
9 100 8
6 166 5
4 122 5
1 86 3
0 74 7
9 165 8
4 87 7
0 5 3
4 160 8
6 52 8
8 131 5
3 116 3
3 134 7
2 63 8
6 36 7
9 162 4
8 126 3
0 88 7
3 6 6
8 210 8
0 0 0.723634077531
0 1 0.832825386088
0 2 0.377050982524
0 3 0.075127984928
0 4 0.261071241137
0 5 0.878987524075
0 6 0.121866697075
0 7 0.333757958234
0 8 0.250909676598
0 9 0.030851183156
0 10 0.615097054877
0 11 0.606535985409
0 12 0.699083481462
0 13 0.509154719393
0 14 0.960272394450
0 15 0.646549010315
0 16 0.450040805258
0 17 0.967169358693
0 18 0.385319460101
0 19 0.190790176564
0 20 0.876983308077
0 21 0.281719838343
0 22 0.858434090641
0 23 0.667693159342
0 24 0.554227628564
0 25 0.280064263624
0 26 0.631243713317
0 27 0.726261217100
0 28 0.418319655266
0 29 0.131557075688
0 30 0.176032696082
0 31 0.533588687602
0 32 0.285631654146
0 33 0.344551784776
0 34 0.826101226904
0 35 0.672639173371
0 36 0.533737823725
0 37 0.589977701987
0 38 0.862604194904
0 39 0.050311669642
0 40 0.545344360710
0 41 0.443917577916
0 42 0.191965965564
0 43 0.885325629653
0 44 0.176667372977
0 45 0.486178357157
0 46 0.680504916748
0 47 0.497976218505
0 48 0.038728080423
0 49 0.609814615090
1 0 0.394567594577
1 1 0.024174466932
1 2 0.576125709420
1 3 0.652933691333
1 4 0.714216247963
1 5 0.966449258680
1 6 0.689276452485
1 7 0.450231590923
1 8 0.884403669563
1 9 0.008197566549
1 10 0.456407952168
1 11 0.442136972507
1 12 0.376176584133
1 13 0.377151748350
1 14 0.347176752607
1 15 0.345593345015
1 16 0.942948113716
1 17 0.357120008540
1 18 0.900177016305
1 19 0.916693151003
1 20 0.769781096478
1 21 0.060189431992
1 22 0.259820669902
1 23 0.907450733081
1 24 0.257516392611
1 25 0.967806594403
1 26 0.648464308164
1 27 0.280599695698
1 28 0.810351414483
1 29 0.045121602873
1 30 0.079007220931
1 31 0.073471395884
1 32 0.203080115493
1 33 0.891881271340
1 34 0.699367841777
1 35 0.506573024206
1 36 0.340275076264
1 37 0.965976667809
1 38 0.042477473743
1 39 0.657187792775
1 40 0.234394750412
1 41 0.000474133367
1 42 0.115519649513
1 43 0.437072267736
1 44 0.363054791973
1 45 0.497729952442
1 46 0.025258024381
1 47 0.523396194556
1 48 0.184324725946
1 49 0.510809291500
2 0 0.922433537480
2 1 0.224359183079
2 2 0.870597124686
2 3 0.241565239461
2 4 0.550277962210
2 5 0.831052285574
2 6 0.447015196086
2 7 0.985970474694
2 8 0.252292271697
2 9 0.287138144444
2 10 0.009603923226
2 11 0.846242574495
2 12 0.249411666495
2 13 0.760004878647
2 14 0.625736171236
2 15 0.291560274021
2 16 0.953597814455
2 17 0.137644002475
2 18 0.137890992543
2 19 0.606658187059
2 20 0.504566375293
2 21 0.221815267920
2 22 0.883984482706
2 23 0.091872694814
2 24 0.039447286137
2 25 0.691654568413
2 26 0.143277672146
2 27 0.494854790272
2 28 0.706113337224
2 29 0.583379898283
2 30 0.490366131922
2 31 0.111772198820
2 32 0.482099624602
2 33 0.429316330616
2 34 0.744057632841
2 35 0.990008016159
2 36 0.641605688340
2 37 0.140436373110
2 38 0.184779387471
2 39 0.841815007524
2 40 0.103232536806
2 41 0.210965634215
2 42 0.904194617190
2 43 0.494346144641
2 44 0.289870921397
2 45 0.520155227085
2 46 0.190046507063
2 47 0.323630536579
2 48 0.629924392609
2 49 0.037268342834
0 0 6
0 1 9
0 2 6
0 3 10
0 4 7
0 5 6
0 6 5
0 7 11
0 8 4
0 9 9
0 10 9
0 11 9
0 12 8
0 13 12
0 14 6
0 15 7
0 16 8
0 17 8
0 18 11
0 19 11
0 20 6
0 21 10
0 22 9
0 23 10
0 24 8
0 25 12
0 26 10
0 27 11
0 28 7
0 29 10
0 30 9
0 31 6
0 32 7
0 33 6
0 34 10
0 35 11
0 36 9
0 37 5
0 38 10
0 39 10
0 40 8
0 41 5
0 42 10
0 43 10
0 44 9
0 45 5
0 46 4
0 47 8
0 48 8
0 49 10
1 0 5
1 1 10
1 2 5
1 3 12
1 4 8
1 5 6
1 6 6
1 7 12
1 8 4
1 9 10
1 10 11
1 11 10
1 12 10
1 13 11
1 14 4
1 15 8
1 16 6
1 17 10
1 18 10
1 19 12
1 20 6
1 21 11
1 22 10
1 23 10
1 24 9
1 25 11
1 26 12
1 27 10
1 28 7
1 29 10
1 30 10
1 31 7
1 32 7
1 33 4
1 34 8
1 35 9
1 36 10
1 37 5
1 38 9
1 39 10
1 40 8
1 41 6
1 42 8
1 43 9
1 44 10
1 45 6
1 46 5
1 47 9
1 48 7
1 49 10
2 0 6
2 1 8
2 2 5
2 3 12
2 4 7
2 5 4
2 6 4
2 7 11
2 8 6
2 9 9
2 10 11
2 11 9
2 12 8
2 13 12
2 14 4
2 15 9
2 16 7
2 17 8
2 18 9
2 19 11
2 20 6
2 21 10
2 22 9
2 23 8
2 24 10
2 25 12
2 26 12
2 27 12
2 28 7
2 29 8
2 30 11
2 31 6
2 32 6
2 33 4
2 34 8
2 35 9
2 36 10
2 37 6
2 38 9
2 39 11
2 40 6
2 41 5
2 42 10
2 43 10
2 44 8
2 45 5
2 46 6
2 47 8
2 48 7
2 49 9
