3 50 10 6 10.0 3.0 1.0 95
9 25 9
8 5 8
2 128 8
1 30 4
9 118 8
5 88 8
9 68 6
3 147 6
7 121 7
3 33 8
1 46 3
0 12 7
0 18 9
6 20 3
2 29 5
6 124 9
9 60 9
4 42 3
4 145 5
7 158 8
1 35 8
0 81 5
6 80 8
7 184 6
0 65 3
5 40 8
7 82 3
4 110 8
2 28 7
1 98 8
0 32 8
3 8 9
3 87 7
6 156 9
5 174 9
1 77 9
2 93 8
8 51 3
9 5 3
6 16 5
7 145 7
4 32 8
5 53 3
5 61 6
2 20 3
3 18 3
8 63 6
4 87 9
8 184 9
8 184 9
0 0 0.783086091861
0 1 0.973885525297
0 2 0.509296177110
0 3 0.918728520507
0 4 0.353738002352
0 5 0.592387987666
0 6 0.994379677685
0 7 0.145363150970
0 8 0.536555762831
0 9 0.787616634278
0 10 0.985468247177
0 11 0.057786980398
0 12 0.771329786907
0 13 0.811628725533
0 14 0.388570066794
0 15 0.673807821324
0 16 0.583603588666
0 17 0.885259301477
0 18 0.419354022296
0 19 0.490466988595
0 20 0.093775405080
0 21 0.973702101461
0 22 0.735491673851
0 23 0.787964633362
0 24 0.408772720713
0 25 0.703949206139
0 26 0.339451330042
0 27 0.248574150144
0 28 0.828279277811
0 29 0.539410938913
0 30 0.132897168994
0 31 0.528054945110
0 32 0.686579351445
0 33 0.894838232743
0 34 0.558871046162
0 35 0.965027082013
0 36 0.014890112476
0 37 0.327952824007
0 38 0.054348495484
0 39 0.363856424075
0 40 0.048650541887
0 41 0.244158287154
0 42 0.367937391558
0 43 0.765494495107
0 44 0.868744092330
0 45 0.856768834776
0 46 0.207913688509
0 47 0.793906078273
0 48 0.176532179110
0 49 0.605753580975
1 0 0.922230701422
1 1 0.573514805640
1 2 0.330226513061
1 3 0.667752238814
1 4 0.118808562349
1 5 0.424812107141
1 6 0.193361263561
1 7 0.532997227630
1 8 0.874253953636
1 9 0.386557860903
1 10 0.864383999030
1 11 0.805583942766
1 12 0.889357638708
1 13 0.252974204710
1 14 0.172910153954
1 15 0.225826541230
1 16 0.052640625951
1 17 0.679264989197
1 18 0.865383361696
1 19 0.992098306224
1 20 0.232707439983
1 21 0.484960020434
1 22 0.041929866094
1 23 0.637591106759
1 24 0.395289558111
1 25 0.546367761487
1 26 0.635096703890
1 27 0.672515817379
1 28 0.617901369673
1 29 0.755357038538
1 30 0.084414374711
1 31 0.769043121365
1 32 0.680919518860
1 33 0.173941965289
1 34 0.290903685508
1 35 0.844449360869
1 36 0.766041344670
1 37 0.797669017763
1 38 0.688383481714
1 39 0.697881842511
1 40 0.397953407846
1 41 0.253985812195
1 42 0.866700681155
1 43 0.519661240817
1 44 0.318339196801
1 45 0.974214255061
1 46 0.331886097827
1 47 0.989060279833
1 48 0.186198879230
1 49 0.569572582206
2 0 0.671116888964
2 1 0.760507772443
2 2 0.988155190062
2 3 0.100876542251
2 4 0.094809908063
2 5 0.031670711869
2 6 0.795479822663
2 7 0.853110283546
2 8 0.750451525416
2 9 0.052969273819
2 10 0.589690279179
2 11 0.931384089757
2 12 0.412612708706
2 13 0.704354494591
2 14 0.145388213980
2 15 0.454827426500
2 16 0.840082610371
2 17 0.433713637204
2 18 0.643804975221
2 19 0.576837079215
2 20 0.153218358480
2 21 0.974779205946
2 22 0.583355366254
2 23 0.732342102919
2 24 0.773247967005
2 25 0.226722679825
2 26 0.968476625290
2 27 0.496303620112
2 28 0.433021647592
2 29 0.265890229397
2 30 0.985899750123
2 31 0.012702597354
2 32 0.753766824816
2 33 0.173954766471
2 34 0.237950025063
2 35 0.062409609795
2 36 0.947753796042
2 37 0.735645161188
2 38 0.609910193423
2 39 0.440655269489
2 40 0.759915841913
2 41 0.702549709443
2 42 0.337978332548
2 43 0.151781707127
2 44 0.876136459738
2 45 0.908944610210
2 46 0.262662052664
2 47 0.903142006146
2 48 0.667021181271
2 49 0.387246132893
0 0 11
0 1 9
0 2 9
0 3 6
0 4 10
0 5 10
0 6 8
0 7 6
0 8 9
0 9 10
0 10 4
0 11 9
0 12 11
0 13 4
0 14 5
0 15 11
0 16 11
0 17 5
0 18 6
0 19 9
0 20 8
0 21 6
0 22 9
0 23 6
0 24 4
0 25 10
0 26 5
0 27 8
0 28 8
0 29 8
0 30 10
0 31 9
0 32 7
0 33 9
0 34 9
0 35 9
0 36 8
0 37 5
0 38 5
0 39 6
0 40 8
0 41 9
0 42 3
0 43 8
0 44 4
0 45 3
0 46 8
0 47 9
0 48 9
0 49 11
1 0 14
1 1 12
1 2 12
1 3 7
1 4 11
1 5 13
1 6 10
1 7 11
1 8 11
1 9 13
1 10 8
1 11 12
1 12 14
1 13 8
1 14 10
1 15 13
1 16 14
1 17 6
1 18 8
1 19 13
1 20 13
1 21 8
1 22 13
1 23 9
1 24 7
1 25 13
1 26 7
1 27 12
1 28 11
1 29 11
1 30 12
1 31 13
1 32 10
1 33 12
1 34 14
1 35 14
1 36 12
1 37 6
1 38 6
1 39 8
1 40 10
1 41 13
1 42 8
1 43 9
1 44 6
1 45 7
1 46 10
1 47 12
1 48 12
1 49 14
2 0 13
2 1 12
2 2 12
2 3 8
2 4 12
2 5 12
2 6 10
2 7 9
2 8 10
2 9 11
2 10 7
2 11 10
2 12 13
2 13 5
2 14 9
2 15 13
2 16 12
2 17 5
2 18 9
2 19 11
2 20 12
2 21 8
2 22 11
2 23 8
2 24 6
2 25 12
2 26 6
2 27 11
2 28 10
2 29 11
2 30 10
2 31 11
2 32 11
2 33 12
2 34 13
2 35 11
2 36 10
2 37 5
2 38 6
2 39 9
2 40 11
2 41 11
2 42 7
2 43 8
2 44 7
2 45 5
2 46 10
2 47 13
2 48 11
2 49 13
