3 50 10 6 10.0 3.0 1.0 95
7 132 7
4 53 8
5 15 9
0 90 8
1 20 9
4 150 9
8 63 5
9 185 9
0 93 8
9 195 6
2 40 4
9 190 3
6 56 3
3 81 3
6 42 8
4 52 5
5 127 8
1 85 7
4 112 7
7 22 9
8 40 8
1 27 3
8 56 3
7 78 5
7 130 3
8 26 8
2 31 9
3 32 7
7 202 9
5 28 8
5 20 3
2 11 3
2 101 8
9 10 7
6 14 4
8 63 7
0 19 3
0 48 6
3 122 8
9 88 9
6 96 9
4 110 3
3 128 7
6 64 8
3 112 4
2 91 9
1 61 4
5 61 6
0 22 8
1 55 9
0 0 0.644759242754
0 1 0.377158947353
0 2 0.755870415357
0 3 0.575663257902
0 4 0.012889438582
0 5 0.823255642851
0 6 0.258491208431
0 7 0.303741777814
0 8 0.461898827881
0 9 0.043652115188
0 10 0.414795798487
0 11 0.357900768720
0 12 0.492080570633
0 13 0.760690143382
0 14 0.225174906508
0 15 0.878755853164
0 16 0.138766603387
0 17 0.868934863150
0 18 0.131495318801
0 19 0.344695205424
0 20 0.593965326178
0 21 0.196241197145
0 22 0.459134727689
0 23 0.835922820310
0 24 0.507274152487
0 25 0.476928825488
0 26 0.187803228085
0 27 0.386662064638
0 28 0.389564038420
0 29 0.556193022253
0 30 0.242150538487
0 31 0.208562551135
0 32 0.822839852418
0 33 0.379120993788
0 34 0.300379651993
0 35 0.162915873768
0 36 0.758906445191
0 37 0.157506931241
0 38 0.601061582039
0 39 0.579614704900
0 40 0.091474792392
0 41 0.374547035275
0 42 0.846958439468
0 43 0.573386850955
0 44 0.845532542814
0 45 0.371492623427
0 46 0.299430491937
0 47 0.260679496356
0 48 0.627778033569
0 49 0.232988703181
1 0 0.250922320750
1 1 0.383218312144
1 2 0.272793023201
1 3 0.417241689751
1 4 0.733922846720
1 5 0.755006716102
1 6 0.637027728657
1 7 0.997737839175
1 8 0.191256757006
1 9 0.817813790626
1 10 0.496115866375
1 11 0.289573945049
1 12 0.318251197003
1 13 0.243308444679
1 14 0.017986341401
1 15 0.713387666284
1 16 0.626580070712
1 17 0.594823461754
1 18 0.372833322276
1 19 0.952614981159
1 20 0.105311762718
1 21 0.999887633192
1 22 0.064295884165
1 23 0.518830993460
1 24 0.661902123124
1 25 0.729606996978
1 26 0.038649428850
1 27 0.310035186087
1 28 0.569250971334
1 29 0.838511134919
1 30 0.149971409411
1 31 0.899651729553
1 32 0.511132465837
1 33 0.913058894704
1 34 0.849437484784
1 35 0.336423507584
1 36 0.949270864967
1 37 0.200211350852
1 38 0.781406510703
1 39 0.963023210073
1 40 0.967885289264
1 41 0.737617115506
1 42 0.256938794218
1 43 0.919047311763
1 44 0.776722169486
1 45 0.380577148158
1 46 0.042258087139
1 47 0.610306008045
1 48 0.256574010726
1 49 0.611605922983
2 0 0.709143619086
2 1 0.304141454208
2 2 0.188860588514
2 3 0.130986936210
2 4 0.405547919988
2 5 0.797285771840
2 6 0.508568193640
2 7 0.107597254600
2 8 0.936042027359
2 9 0.232819033287
2 10 0.698175121137
2 11 0.236636685709
2 12 0.796201171262
2 13 0.163133512411
2 14 0.292938227000
2 15 0.192436189452
2 16 0.138842651229
2 17 0.835871688683
2 18 0.974110903772
2 19 0.819573339970
2 20 0.746996861185
2 21 0.716894561262
2 22 0.835473253159
2 23 0.320277119433
2 24 0.577535251053
2 25 0.884379383977
2 26 0.171068345330
2 27 0.107111236614
2 28 0.378089245789
2 29 0.819937525608
2 30 0.050664316024
2 31 0.628115518655
2 32 0.319130545185
2 33 0.180567712755
2 34 0.549475473580
2 35 0.159001293905
2 36 0.329629252875
2 37 0.716732933722
2 38 0.976370855598
2 39 0.802126453727
2 40 0.671907201719
2 41 0.835997318561
2 42 0.494648318069
2 43 0.447677088081
2 44 0.196476069019
2 45 0.944192702722
2 46 0.262015842102
2 47 0.726065815296
2 48 0.759070350170
2 49 0.424703123422
0 0 9
0 1 9
0 2 10
0 3 8
0 4 10
0 5 10
0 6 6
0 7 9
0 8 9
0 9 6
0 10 6
0 11 3
0 12 5
0 13 3
0 14 9
0 15 6
0 16 9
0 17 8
0 18 7
0 19 9
0 20 8
0 21 4
0 22 5
0 23 7
0 24 5
0 25 10
0 26 10
0 27 9
0 28 10
0 29 9
0 30 5
0 31 3
0 32 8
0 33 8
0 34 6
0 35 7
0 36 4
0 37 6
0 38 10
0 39 11
0 40 9
0 41 5
0 42 8
0 43 9
0 44 6
0 45 11
0 46 5
0 47 8
0 48 8
0 49 9
1 0 7
1 1 9
1 2 9
1 3 8
1 4 11
1 5 10
1 6 6
1 7 10
1 8 8
1 9 6
1 10 5
1 11 3
1 12 5
1 13 5
1 14 9
1 15 5
1 16 10
1 17 7
1 18 9
1 19 9
1 20 8
1 21 4
1 22 4
1 23 7
1 24 5
1 25 10
1 26 11
1 27 8
1 28 9
1 29 10
1 30 4
1 31 5
1 32 8
1 33 7
1 34 5
1 35 9
1 36 4
1 37 7
1 38 9
1 39 9
1 40 10
1 41 4
1 42 7
1 43 9
1 44 4
1 45 9
1 46 5
1 47 7
1 48 10
1 49 9
2 0 10
2 1 12
2 2 14
2 3 11
2 4 12
2 5 14
2 6 8
2 7 12
2 8 12
2 9 11
2 10 8
2 11 8
2 12 8
2 13 7
2 14 13
2 15 9
2 16 13
2 17 10
2 18 10
2 19 12
2 20 12
2 21 6
2 22 8
2 23 9
2 24 6
2 25 13
2 26 14
2 27 11
2 28 13
2 29 13
2 30 8
2 31 6
2 32 12
2 33 11
2 34 9
2 35 11
2 36 6
2 37 10
2 38 11
2 39 12
2 40 14
2 41 7
2 42 11
2 43 11
2 44 8
2 45 14
2 46 9
2 47 9
2 48 12
2 49 14
