3 50 10 6 10.0 3.0 1.0 95
4 105 7
3 129 9
5 7 9
8 91 9
9 130 7
3 81 7
6 18 7
0 75 8
1 102 4
0 84 9
0 73 6
2 80 9
8 159 7
2 15 4
7 197 3
6 44 3
7 147 8
5 20 4
0 18 7
8 16 3
7 87 5
5 38 3
3 39 9
4 95 7
7 189 7
2 100 3
9 120 7
1 46 3
4 138 8
1 34 7
9 45 3
1 112 9
8 128 8
3 146 4
7 30 8
5 105 9
6 58 7
8 131 6
3 46 3
0 11 3
4 153 3
5 167 8
1 56 9
2 60 7
6 68 9
6 180 6
9 120 6
4 97 6
2 27 9
9 95 8
0 0 0.916276611235
0 1 0.868866760933
0 2 0.928108421137
0 3 0.874527000516
0 4 0.195550682404
0 5 0.314972355472
0 6 0.055324347595
0 7 0.247185815791
0 8 0.378994348915
0 9 0.458897001665
0 10 0.458458179602
0 11 0.640480493310
0 12 0.065137758143
0 13 0.190062039300
0 14 0.242164355956
0 15 0.848199475198
0 16 0.123039600669
0 17 0.479819745431
0 18 0.876058994744
0 19 0.259121077411
0 20 0.864464787235
0 21 0.034224556522
0 22 0.902242574054
0 23 0.219352266367
0 24 0.937074726997
0 25 0.357921103931
0 26 0.964892301749
0 27 0.905607149132
0 28 0.806504640949
0 29 0.195111205837
0 30 0.337144026164
0 31 0.576174097836
0 32 0.448996776411
0 33 0.584989138474
0 34 0.983129702264
0 35 0.042289749967
0 36 0.737163149008
0 37 0.690537565538
0 38 0.767318478666
0 39 0.969912649274
0 40 0.644318067388
0 41 0.594382807965
0 42 0.932569015742
0 43 0.896088376692
0 44 0.276405332152
0 45 0.957891549282
0 46 0.330346211735
0 47 0.632811664037
0 48 0.040015468026
0 49 0.212684621537
1 0 0.998118539691
1 1 0.173365099334
1 2 0.473702064564
1 3 0.790953099626
1 4 0.455096958644
1 5 0.404021615677
1 6 0.443133739771
1 7 0.255024093373
1 8 0.524672023660
1 9 0.214449809409
1 10 0.045129455998
1 11 0.340428996856
1 12 0.028797637007
1 13 0.405681003449
1 14 0.284956140036
1 15 0.726368354177
1 16 0.721616210105
1 17 0.723230488923
1 18 0.254994939772
1 19 0.417898929104
1 20 0.638976055433
1 21 0.881637467160
1 22 0.892290319143
1 23 0.117393213398
1 24 0.858451633646
1 25 0.014440471391
1 26 0.546435211813
1 27 0.889883201383
1 28 0.484367515846
1 29 0.317367986357
1 30 0.925300119749
1 31 0.705361527119
1 32 0.617162098978
1 33 0.906029291833
1 34 0.396897632562
1 35 0.771005945174
1 36 0.379724415272
1 37 0.385825809649
1 38 0.795753642687
1 39 0.601451757874
1 40 0.920116913846
1 41 0.633751047478
1 42 0.449358921677
1 43 0.368912485208
1 44 0.234162789506
1 45 0.343603093639
1 46 0.457901623626
1 47 0.141109244612
1 48 0.527599392740
1 49 0.265943268116
2 0 0.317361821669
2 1 0.413500365693
2 2 0.660397305235
2 3 0.718706558877
2 4 0.328893988447
2 5 0.037636570516
2 6 0.205944887362
2 7 0.018332226516
2 8 0.252383743856
2 9 0.290277853925
2 10 0.756092009681
2 11 0.348153840559
2 12 0.275206982224
2 13 0.394276852920
2 14 0.275691910888
2 15 0.537486562275
2 16 0.676040298444
2 17 0.230742214353
2 18 0.553168484437
2 19 0.017727387200
2 20 0.812130305529
2 21 0.085063834917
2 22 0.917047617960
2 23 0.290274234771
2 24 0.822256782162
2 25 0.050152739481
2 26 0.783005537047
2 27 0.349664247523
2 28 0.945624899041
2 29 0.736074215377
2 30 0.714705582114
2 31 0.255041857038
2 32 0.330831486811
2 33 0.498695473134
2 34 0.166060983544
2 35 0.257347008805
2 36 0.971913976536
2 37 0.636865271498
2 38 0.360625551463
2 39 0.823935310682
2 40 0.992248927918
2 41 0.385188888183
2 42 0.911636865203
2 43 0.554068649826
2 44 0.137171751810
2 45 0.875046455641
2 46 0.824659577829
2 47 0.428393432816
2 48 0.022659091202
2 49 0.172904798376
0 0 11
0 1 12
0 2 11
0 3 12
0 4 10
0 5 11
0 6 10
0 7 12
0 8 7
0 9 12
0 10 9
0 11 13
0 12 10
0 13 8
0 14 5
0 15 6
0 16 11
0 17 6
0 18 11
0 19 6
0 20 9
0 21 5
0 22 12
0 23 11
0 24 11
0 25 7
0 26 11
0 27 7
0 28 11
0 29 9
0 30 7
0 31 12
0 32 11
0 33 6
0 34 11
0 35 13
0 36 10
0 37 9
0 38 7
0 39 6
0 40 5
0 41 11
0 42 12
0 43 9
0 44 12
0 45 9
0 46 10
0 47 8
0 48 13
0 49 12
1 0 10
1 1 11
1 2 12
1 3 12
1 4 10
1 5 10
1 6 11
1 7 10
1 8 7
1 9 13
1 10 9
1 11 12
1 12 10
1 13 7
1 14 5
1 15 6
1 16 10
1 17 6
1 18 11
1 19 5
1 20 9
1 21 5
1 22 13
1 23 11
1 24 11
1 25 7
1 26 10
1 27 5
1 28 11
1 29 9
1 30 6
1 31 11
1 32 11
1 33 6
1 34 12
1 35 11
1 36 9
1 37 10
1 38 5
1 39 7
1 40 7
1 41 11
1 42 11
1 43 11
1 44 11
1 45 8
1 46 9
1 47 10
1 48 13
1 49 10
2 0 10
2 1 12
2 2 12
2 3 12
2 4 9
2 5 10
2 6 11
2 7 11
2 8 8
2 9 12
2 10 8
2 11 13
2 12 9
2 13 7
2 14 6
2 15 6
2 16 11
2 17 8
2 18 11
2 19 5
2 20 8
2 21 5
2 22 13
2 23 10
2 24 11
2 25 6
2 26 10
2 27 6
2 28 11
2 29 10
2 30 5
2 31 13
2 32 10
2 33 6
2 34 10
2 35 11
2 36 9
2 37 10
2 38 7
2 39 6
2 40 5
2 41 11
2 42 12
2 43 11
2 44 11
2 45 9
2 46 10
2 47 9
2 48 13
2 49 11
