3 50 10 6 10.0 3.0 1.0 95
6 148 9
8 89 8
7 65 7
2 19 8
6 136 5
4 57 8
1 33 6
1 90 3
9 15 6
0 81 9
0 15 5
5 128 6
7 156 3
5 31 3
7 130 5
8 14 7
8 145 5
4 132 6
0 28 3
0 55 9
2 100 9
2 121 8
1 94 8
3 45 8
3 138 8
5 64 8
0 53 7
5 101 7
4 133 9
6 78 3
8 133 3
9 128 7
9 38 7
4 93 3
3 26 9
3 80 3
9 165 7
8 72 7
4 125 8
7 180 7
6 118 8
9 210 3
5 82 9
7 89 7
6 176 8
1 98 7
2 32 3
2 129 5
3 72 6
1 58 8
0 0 0.602845227553
0 1 0.907690836499
0 2 0.515438961266
0 3 0.105921855099
0 4 0.171241378350
0 5 0.185728089742
0 6 0.620315685006
0 7 0.461229594030
0 8 0.659231432883
0 9 0.536769615318
0 10 0.374558968054
0 11 0.756770780133
0 12 0.157582887358
0 13 0.115255338008
0 14 0.397922845763
0 15 0.751022484162
0 16 0.514862086233
0 17 0.620449967717
0 18 0.736704248836
0 19 0.031420720677
0 20 0.278280324392
0 21 0.672595017971
0 22 0.553867592781
0 23 0.016633089082
0 24 0.129792399049
0 25 0.563740849009
0 26 0.539212414461
0 27 0.583645025788
0 28 0.239621389970
0 29 0.472594559611
0 30 0.072260458966
0 31 0.318073280027
0 32 0.393046230357
0 33 0.619178363960
0 34 0.319108234597
0 35 0.578677252060
0 36 0.206944838882
0 37 0.056102819488
0 38 0.846043552961
0 39 0.732079025071
0 40 0.160513061234
0 41 0.160036182755
0 42 0.351356695192
0 43 0.052747626150
0 44 0.355674980956
0 45 0.984111502220
0 46 0.222482360956
0 47 0.010252594324
0 48 0.898054533278
0 49 0.711763033624
1 0 0.701004544048
1 1 0.041043369712
1 2 0.934876192478
1 3 0.935842722596
1 4 0.196038522820
1 5 0.123253908903
1 6 0.044003022960
1 7 0.119199084297
1 8 0.046095066721
1 9 0.467994135335
1 10 0.629760658901
1 11 0.511235469186
1 12 0.943446601520
1 13 0.576351967421
1 14 0.145854536758
1 15 0.837603599990
1 16 0.077591228399
1 17 0.291588853663
1 18 0.359654360081
1 19 0.516134981568
1 20 0.536691123012
1 21 0.488214667441
1 22 0.789573958040
1 23 0.569963249831
1 24 0.214429789567
1 25 0.725362169420
1 26 0.871131136097
1 27 0.597071799079
1 28 0.263904621559
1 29 0.579177273953
1 30 0.270329603571
1 31 0.716879574481
1 32 0.318386746736
1 33 0.109251239188
1 34 0.737633731029
1 35 0.292164034820
1 36 0.884568665591
1 37 0.379906896156
1 38 0.148765577487
1 39 0.338471251190
1 40 0.274776695131
1 41 0.274525950157
1 42 0.774595981883
1 43 0.318245729678
1 44 0.097203761639
1 45 0.447705948957
1 46 0.642387019452
1 47 0.715161603995
1 48 0.705412484117
1 49 0.339878995634
2 0 0.696181028649
2 1 0.614037304388
2 2 0.366229915492
2 3 0.135348265457
2 4 0.556685223818
2 5 0.183741460249
2 6 0.021274168993
2 7 0.121676305004
2 8 0.074933709777
2 9 0.380726776570
2 10 0.570626388263
2 11 0.757468822995
2 12 0.081080639502
2 13 0.319535675904
2 14 0.115135213685
2 15 0.726206508614
2 16 0.327527368765
2 17 0.852275957017
2 18 0.223138814028
2 19 0.169385016843
2 20 0.171397116081
2 21 0.551449100170
2 22 0.233744874686
2 23 0.704716760929
2 24 0.808301942821
2 25 0.390738935511
2 26 0.695944903880
2 27 0.040593294572
2 28 0.457664554231
2 29 0.662230905276
2 30 0.570867917992
2 31 0.751201039405
2 32 0.511691759039
2 33 0.866341030887
2 34 0.779037625783
2 35 0.387207694371
2 36 0.914737131529
2 37 0.576373368139
2 38 0.804250313957
2 39 0.710006060680
2 40 0.408638104179
2 41 0.938704671477
2 42 0.603380496552
2 43 0.100733618813
2 44 0.991383517622
2 45 0.056161025587
2 46 0.763472089104
2 47 0.332566819254
2 48 0.402816564899
2 49 0.451445106572
0 0 11
0 1 10
0 2 8
0 3 10
0 4 8
0 5 9
0 6 8
0 7 6
0 8 9
0 9 10
0 10 6
0 11 7
0 12 4
0 13 4
0 14 6
0 15 10
0 16 7
0 17 7
0 18 6
0 19 11
0 20 11
0 21 10
0 22 11
0 23 9
0 24 11
0 25 11
0 26 10
0 27 8
0 28 11
0 29 5
0 30 6
0 31 9
0 32 8
0 33 4
0 34 12
0 35 5
0 36 10
0 37 9
0 38 9
0 39 10
0 40 11
0 41 5
0 42 12
0 43 8
0 44 9
0 45 8
0 46 6
0 47 8
0 48 9
0 49 10
1 0 12
1 1 9
1 2 8
1 3 10
1 4 8
1 5 10
1 6 9
1 7 5
1 8 7
1 9 10
1 10 7
1 11 7
1 12 5
1 13 6
1 14 7
1 15 10
1 16 8
1 17 7
1 18 4
1 19 11
1 20 10
1 21 11
1 22 11
1 23 11
1 24 11
1 25 11
1 26 8
1 27 8
1 28 12
1 29 6
1 30 4
1 31 10
1 32 9
1 33 5
1 34 12
1 35 6
1 36 10
1 37 8
1 38 10
1 39 9
1 40 10
1 41 5
1 42 12
1 43 8
1 44 11
1 45 10
1 46 5
1 47 8
1 48 7
1 49 10
2 0 11
2 1 8
2 2 9
2 3 10
2 4 6
2 5 9
2 6 6
2 7 4
2 8 7
2 9 10
2 10 6
2 11 6
2 12 3
2 13 3
2 14 5
2 15 8
2 16 5
2 17 6
2 18 5
2 19 11
2 20 10
2 21 8
2 22 9
2 23 9
2 24 9
2 25 10
2 26 8
2 27 7
2 28 10
2 29 5
2 30 5
2 31 9
2 32 7
2 33 5
2 34 9
2 35 3
2 36 8
2 37 7
2 38 8
2 39 7
2 40 10
2 41 4
2 42 9
2 43 8
2 44 8
2 45 9
2 46 3
2 47 5
2 48 8
2 49 9
