3 50 10 6 10.0 3.0 1.0 95
5 134 3
8 166 8
2 77 7
7 111 5
5 46 8
9 190 9
8 65 3
2 40 6
0 72 9
2 53 8
9 238 7
9 228 6
4 162 9
7 186 9
1 18 3
7 2 9
8 110 4
7 189 3
4 22 9
1 74 4
4 17 5
7 193 7
9 58 9
6 156 7
4 148 3
6 110 3
5 103 7
4 107 7
0 14 6
3 45 6
6 148 4
5 15 4
3 28 3
0 57 8
2 48 3
8 159 7
5 24 7
3 2 9
3 24 9
1 13 7
8 86 7
2 31 9
1 30 9
6 102 7
9 15 3
3 69 8
6 164 8
1 19 8
0 13 3
0 65 8
0 0 0.002533571241
0 1 0.587654392134
0 2 0.192997028564
0 3 0.826101023357
0 4 0.736570279014
0 5 0.991767617242
0 6 0.142451706374
0 7 0.226396510128
0 8 0.428847997274
0 9 0.764320925765
0 10 0.014618591719
0 11 0.186764658735
0 12 0.754465136368
0 13 0.724789309457
0 14 0.445950065123
0 15 0.264575424098
0 16 0.298147460301
0 17 0.442975592398
0 18 0.493660543988
0 19 0.356534542152
0 20 0.109446376582
0 21 0.892217128073
0 22 0.516029750391
0 23 0.227884468040
0 24 0.048169773032
0 25 0.625472963688
0 26 0.470847150050
0 27 0.248736642500
0 28 0.013308690127
0 29 0.258659902589
0 30 0.484747958843
0 31 0.620457217046
0 32 0.008629171462
0 33 0.044404820472
0 34 0.828120163377
0 35 0.910839897063
0 36 0.884439354884
0 37 0.170125055539
0 38 0.096723287883
0 39 0.619901101475
0 40 0.905703035739
0 41 0.877724224253
0 42 0.331445645621
0 43 0.961381359781
0 44 0.737637002026
0 45 0.769890075665
0 46 0.590438952436
0 47 0.718113834864
0 48 0.304308442548
0 49 0.055456962061
1 0 0.464363022404
1 1 0.043206025904
1 2 0.519123654902
1 3 0.965549980498
1 4 0.076635983390
1 5 0.650793056767
1 6 0.514990628074
1 7 0.829088244144
1 8 0.747950276081
1 9 0.268781108163
1 10 0.018543234058
1 11 0.579359354224
1 12 0.367010184555
1 13 0.445748065986
1 14 0.417955591037
1 15 0.032101334012
1 16 0.259577466179
1 17 0.670751724026
1 18 0.251502271727
1 19 0.039673892727
1 20 0.303739146038
1 21 0.588860859992
1 22 0.901212564822
1 23 0.322068888985
1 24 0.509553105277
1 25 0.767792118751
1 26 0.860111761422
1 27 0.024844145627
1 28 0.809531111895
1 29 0.561244633730
1 30 0.967084309768
1 31 0.733480759917
1 32 0.378629803154
1 33 0.273394759739
1 34 0.125691065253
1 35 0.520623509895
1 36 0.366416755588
1 37 0.494502377634
1 38 0.387307447071
1 39 0.495565402712
1 40 0.579951012793
1 41 0.545215074838
1 42 0.163973385022
1 43 0.173690800998
1 44 0.735790332640
1 45 0.954481027163
1 46 0.225043398933
1 47 0.239639911390
1 48 0.421766968061
1 49 0.583103200931
2 0 0.822825534447
2 1 0.410228041282
2 2 0.081562885699
2 3 0.610645451611
2 4 0.440194417122
2 5 0.877170981507
2 6 0.005408849288
2 7 0.183017469820
2 8 0.486851613118
2 9 0.790623802765
2 10 0.185199640871
2 11 0.887231168133
2 12 0.414584839021
2 13 0.847382204554
2 14 0.462449715508
2 15 0.003598921409
2 16 0.855292363143
2 17 0.083573156754
2 18 0.159768326315
2 19 0.178360676855
2 20 0.731102009801
2 21 0.945652731064
2 22 0.196096261960
2 23 0.799568145937
2 24 0.143253965102
2 25 0.671459559910
2 26 0.570894471740
2 27 0.535881757643
2 28 0.257607561659
2 29 0.769280362110
2 30 0.851268230162
2 31 0.793717100188
2 32 0.569014140281
2 33 0.873673313610
2 34 0.311486604435
2 35 0.419695104619
2 36 0.256900912213
2 37 0.016940310477
2 38 0.659427228969
2 39 0.734842536001
2 40 0.566372196924
2 41 0.893903934944
2 42 0.116584930493
2 43 0.520194399360
2 44 0.378480270525
2 45 0.149473472632
2 46 0.789388761836
2 47 0.159016959725
2 48 0.788323248483
2 49 0.795615470042
0 0 4
0 1 10
0 2 8
0 3 5
0 4 10
0 5 9
0 6 4
0 7 7
0 8 9
0 9 8
0 10 7
0 11 6
0 12 10
0 13 9
0 14 3
0 15 9
0 16 5
0 17 5
0 18 9
0 19 4
0 20 6
0 21 8
0 22 10
0 23 8
0 24 3
0 25 3
0 26 9
0 27 7
0 28 7
0 29 8
0 30 4
0 31 4
0 32 5
0 33 9
0 34 5
0 35 8
0 36 9
0 37 10
0 38 10
0 39 9
0 40 7
0 41 10
0 42 11
0 43 8
0 44 5
0 45 9
0 46 10
0 47 10
0 48 5
0 49 8
1 0 4
1 1 9
1 2 9
1 3 6
1 4 9
1 5 9
1 6 4
1 7 7
1 8 11
1 9 8
1 10 8
1 11 7
1 12 10
1 13 11
1 14 3
1 15 10
1 16 4
1 17 4
1 18 10
1 19 6
1 20 5
1 21 9
1 22 11
1 23 8
1 24 4
1 25 3
1 26 9
1 27 7
1 28 8
1 29 8
1 30 6
1 31 6
1 32 5
1 33 9
1 34 3
1 35 7
1 36 7
1 37 11
1 38 9
1 39 7
1 40 9
1 41 9
1 42 9
1 43 9
1 44 3
1 45 8
1 46 10
1 47 8
1 48 4
1 49 10
2 0 7
2 1 11
2 2 11
2 3 9
2 4 11
2 5 11
2 6 7
2 7 8
2 8 12
2 9 10
2 10 11
2 11 10
2 12 11
2 13 12
2 14 7
2 15 11
2 16 8
2 17 5
2 18 12
2 19 6
2 20 8
2 21 10
2 22 12
2 23 11
2 24 7
2 25 7
2 26 11
2 27 11
2 28 9
2 29 8
2 30 6
2 31 8
2 32 6
2 33 11
2 34 6
2 35 11
2 36 10
2 37 12
2 38 12
2 39 9
2 40 9
2 41 11
2 42 12
2 43 10
2 44 5
2 45 12
2 46 12
2 47 10
2 48 6
2 49 10
