3 10 10 1 2.0 1.0 1.5 95
9 46 8
7 60 12
1 23 13
3 14 14
6 93 14
5 96 12
0 95 11
4 50 11
2 35 6
8 44 12
0 0 0.133567545415
0 1 0.686434108357
0 2 0.672141621097
0 3 0.441923007737
0 4 0.956819975225
0 5 0.553386992914
0 6 0.607023077438
0 7 0.106387707050
0 8 0.797508683427
0 9 0.918286965340
1 0 0.365895042220
1 1 0.727807409298
1 2 0.980033586870
1 3 0.799501331601
1 4 0.413281922007
1 5 0.318823490623
1 6 0.590967312643
1 7 0.031986998630
1 8 0.086150691835
1 9 0.015537214705
2 0 0.829774808496
2 1 0.621795466141
2 2 0.326292586413
2 3 0.260870273755
2 4 0.606665938185
2 5 0.834183599458
2 6 0.687347116796
2 7 0.981705845970
2 8 0.570015927591
2 9 0.908081906706
0 0 9
0 1 12
0 2 14
0 3 15
0 4 15
0 5 14
0 6 11
0 7 13
0 8 8
0 9 13
1 0 9
1 1 15
1 2 14
1 3 17
1 4 17
1 5 15
1 6 13
1 7 12
1 8 9
1 9 13
2 0 8
2 1 14
2 2 13
2 3 15
2 4 16
2 5 12
2 6 13
2 7 12
2 8 8
2 9 12
