3 10 1
13
60
71
93
18
46
82
82
43
2
0 0 0.409311426086
0 1 0.480376252415
0 2 0.367941765617
0 3 0.148380759255
0 4 0.678789696375
0 5 0.0376391037776
0 6 0.23043108557
0 7 0.651512929323
0 8 0.282607991168
0 9 0.956151529036
1 0 0.285727386023
1 1 0.99404099033
1 2 0.0915266942211
1 3 0.164665620287
1 4 0.150328371093
1 5 0.955365535162
1 6 0.386989496476
1 7 0.623646099062
1 8 0.396629368917
1 9 0.111738044228
2 0 0.0882569892493
2 1 0.416397664802
2 2 0.750043070381
2 3 0.898645857649
2 4 0.703930007946
2 5 0.536208919379
2 6 0.448116688063
2 7 0.822231776916
2 8 0.517236250294
2 9 0.591368778038
