10 20 10 1 2.0 1.0 1.5 95
9 46 8
8 60 12
3 23 13
5 14 14
7 93 14
7 96 12
1 95 11
6 50 11
4 35 6
9 44 12
2 16 5
4 30 8
0 76 14
2 33 9
3 44 9
0 42 12
1 57 10
5 96 9
6 16 13
8 79 15
0 0 0.133567545415
0 1 0.686434108357
0 2 0.672141621097
0 3 0.441923007737
0 4 0.956819975225
0 5 0.553386992914
0 6 0.607023077438
0 7 0.106387707050
0 8 0.797508683427
0 9 0.918286965340
0 10 0.766764263952
0 11 0.634451292584
0 12 0.973301248390
0 13 0.050651932495
0 14 0.682600022592
0 15 0.050654284555
0 16 0.713359664110
0 17 0.052910850153
0 18 0.161112973249
0 19 0.540481054008
1 0 0.365895042220
1 1 0.727807409298
1 2 0.980033586870
1 3 0.799501331601
1 4 0.413281922007
1 5 0.318823490623
1 6 0.590967312643
1 7 0.031986998630
1 8 0.086150691835
1 9 0.015537214705
1 10 0.980269472609
1 11 0.893319622732
1 12 0.470509649225
1 13 0.147462895198
1 14 0.456277386980
1 15 0.092140400563
1 16 0.042979818197
1 17 0.971379420398
1 18 0.738186113385
1 19 0.238411615314
2 0 0.829774808496
2 1 0.621795466141
2 2 0.326292586413
2 3 0.260870273755
2 4 0.606665938185
2 5 0.834183599458
2 6 0.687347116796
2 7 0.981705845970
2 8 0.570015927591
2 9 0.908081906706
2 10 0.758867578609
2 11 0.742519414072
2 12 0.587651491236
2 13 0.885210949909
2 14 0.013316165577
2 15 0.957033688507
2 16 0.895819059850
2 17 0.195448018433
2 18 0.841404890380
2 19 0.567474200479
3 0 0.937028578836
3 1 0.964727069826
3 2 0.106534229554
3 3 0.217787752173
3 4 0.638218590416
3 5 0.358611687926
3 6 0.287500195412
3 7 0.651643463993
3 8 0.502336220044
3 9 0.170530283234
3 10 0.887724898331
3 11 0.545847500641
3 12 0.174932609575
3 13 0.009532588061
3 14 0.013347642547
3 15 0.569271859813
3 16 0.136964521451
3 17 0.147094188353
3 18 0.190652623228
3 19 0.268953866855
4 0 0.020789737100
4 1 0.570701955371
4 2 0.436055545818
4 3 0.959641398786
4 4 0.270853181765
4 5 0.298511065420
4 6 0.721308280838
4 7 0.249702624926
4 8 0.635640590431
4 9 0.317164857222
4 10 0.807334679389
4 11 0.883995830336
4 12 0.670549702022
4 13 0.824653750282
4 14 0.463350770992
4 15 0.685367122916
4 16 0.922153655101
4 17 0.206551730268
4 18 0.172835597192
4 19 0.375684671929
5 0 0.536867014901
5 1 0.168352011869
5 2 0.680277276581
5 3 0.980866016832
5 4 0.247561253368
5 5 0.273463935919
5 6 0.492778235436
5 7 0.569876783881
5 8 0.763587459290
5 9 0.713382132928
5 10 0.951270237537
5 11 0.631863613043
5 12 0.586860679065
5 13 0.129437354165
5 14 0.940214117977
5 15 0.881410857005
5 16 0.739756116265
5 17 0.556668255672
5 18 0.094149962307
5 19 0.353720437984
6 0 0.724236237342
6 1 0.448694317691
6 2 0.149559017914
6 3 0.447756729858
6 4 0.170961823991
6 5 0.344350707554
6 6 0.781072605139
6 7 0.977017459465
6 8 0.714733016736
6 9 0.439543535516
6 10 0.955846978195
6 11 0.769441396985
6 12 0.679754754067
6 13 0.817538705032
6 14 0.449153346912
6 15 0.026951862690
6 16 0.728749298583
6 17 0.656285481877
6 18 0.709124826261
6 19 0.149403880866
7 0 0.932183142097
7 1 0.226638184269
7 2 0.284127896106
7 3 0.393788833929
7 4 0.271120308257
7 5 0.867461045194
7 6 0.951803386518
7 7 0.646967787064
7 8 0.788525701865
7 9 0.832678603751
7 10 0.682054224143
7 11 0.440004447982
7 12 0.325647481228
7 13 0.617067994284
7 14 0.889478600835
7 15 0.150835832639
7 16 0.622176906092
7 17 0.493400644847
7 18 0.924367133948
7 19 0.268421805819
8 0 0.710500067777
8 1 0.584192739371
8 2 0.185985409096
8 3 0.328333170984
8 4 0.332743027333
8 5 0.583310924304
8 6 0.181296962304
8 7 0.638081686370
8 8 0.209040273658
8 9 0.537844892994
8 10 0.545968956434
8 11 0.191298580290
8 12 0.612957201630
8 13 0.006087843042
8 14 0.498921657161
8 15 0.140607953861
8 16 0.192063207813
8 17 0.997067189233
8 18 0.999768899001
8 19 0.783683637029
9 0 0.031926285678
9 1 0.752081609352
9 2 0.795210033664
9 3 0.375180694206
9 4 0.000063559767
9 5 0.302214440933
9 6 0.713898212936
9 7 0.991411417702
9 8 0.622498312251
9 9 0.148186237276
9 10 0.740989778573
9 11 0.762487292941
9 12 0.379800541680
9 13 0.000580087179
9 14 0.640772850084
9 15 0.297924256885
9 16 0.600440794691
9 17 0.643708632319
9 18 0.003549204236
9 19 0.744270539580
0 0 9
0 1 12
0 2 14
0 3 15
0 4 15
0 5 14
0 6 11
0 7 13
0 8 8
0 9 13
0 10 5
0 11 10
0 12 14
0 13 11
0 14 11
0 15 14
0 16 11
0 17 9
0 18 15
0 19 15
1 0 9
1 1 15
1 2 14
1 3 16
1 4 17
1 5 13
1 6 14
1 7 13
1 8 9
1 9 13
1 10 6
1 11 9
1 12 16
1 13 11
1 14 10
1 15 13
1 16 12
1 17 10
1 18 14
1 19 18
2 0 8
2 1 12
2 2 13
2 3 15
2 4 15
2 5 13
2 6 13
2 7 11
2 8 8
2 9 13
2 10 7
2 11 10
2 12 15
2 13 10
2 14 11
2 15 13
2 16 12
2 17 10
2 18 15
2 19 17
3 0 12
3 1 16
3 2 16
3 3 17
3 4 17
3 5 14
3 6 14
3 7 14
3 8 8
3 9 14
3 10 8
3 11 11
3 12 18
3 13 11
3 14 11
3 15 14
3 16 12
3 17 11
3 18 16
3 19 19
4 0 10
4 1 12
4 2 15
4 3 16
4 4 15
4 5 12
4 6 11
4 7 13
4 8 7
4 9 14
4 10 6
4 11 9
4 12 16
4 13 10
4 14 11
4 15 13
4 16 11
4 17 9
4 18 15
4 19 16
5 0 9
5 1 13
5 2 15
5 3 15
5 4 15
5 5 13
5 6 14
5 7 12
5 8 7
5 9 15
5 10 6
5 11 11
5 12 15
5 13 11
5 14 10
5 15 15
5 16 12
5 17 12
5 18 15
5 19 16
6 0 10
6 1 15
6 2 16
6 3 17
6 4 16
6 5 13
6 6 14
6 7 13
6 8 7
6 9 15
6 10 7
6 11 10
6 12 15
6 13 10
6 14 11
6 15 15
6 16 12
6 17 12
6 18 15
6 19 16
7 0 10
7 1 12
7 2 13
7 3 16
7 4 15
7 5 12
7 6 13
7 7 13
7 8 6
7 9 13
7 10 7
7 11 8
7 12 16
7 13 9
7 14 10
7 15 12
7 16 12
7 17 9
7 18 15
7 19 15
8 0 10
8 1 14
8 2 16
8 3 15
8 4 16
8 5 15
8 6 12
8 7 12
8 8 8
8 9 14
8 10 8
8 11 9
8 12 15
8 13 10
8 14 11
8 15 13
8 16 12
8 17 11
8 18 16
8 19 16
9 0 11
9 1 15
9 2 15
9 3 18
9 4 17
9 5 14
9 6 14
9 7 13
9 8 9
9 9 16
9 10 7
9 11 10
9 12 17
9 13 11
9 14 12
9 15 14
9 16 12
9 17 13
9 18 16
9 19 19
