10 50 10 2 2.0 1.0 1.5 95
9 46 8
5 60 12
6 23 13
5 14 14
2 93 14
4 96 12
3 95 11
0 50 11
7 35 6
8 44 12
2 16 5
1 30 8
1 76 14
6 33 9
0 44 9
7 42 12
8 57 10
2 96 9
0 16 13
3 79 15
2 28 14
5 91 9
1 99 12
8 60 8
6 81 6
0 36 5
7 35 8
3 86 6
3 56 9
1 49 13
3 49 11
8 95 15
6 70 15
9 90 5
1 43 14
8 26 8
9 88 15
2 71 13
6 60 9
4 95 14
4 57 7
9 2 14
5 10 11
4 94 10
7 60 5
4 41 13
0 46 14
5 66 12
7 19 11
9 56 10
0 0 0.133567545415
0 1 0.686434108357
0 2 0.672141621097
0 3 0.441923007737
0 4 0.956819975225
0 5 0.553386992914
0 6 0.607023077438
0 7 0.106387707050
0 8 0.797508683427
0 9 0.918286965340
0 10 0.766764263952
0 11 0.634451292584
0 12 0.973301248390
0 13 0.050651932495
0 14 0.682600022592
0 15 0.050654284555
0 16 0.713359664110
0 17 0.052910850153
0 18 0.161112973249
0 19 0.540481054008
0 20 0.451894824784
0 21 0.238138607784
0 22 0.802927706562
0 23 0.183235746634
0 24 0.758718224201
0 25 0.638569126508
0 26 0.946916566174
0 27 0.261920436045
0 28 0.320938721882
0 29 0.469969400512
0 30 0.013912156715
0 31 0.066807816207
0 32 0.387506224398
0 33 0.294059118001
0 34 0.944498686780
0 35 0.181182037477
0 36 0.597037062487
0 37 0.198537035240
0 38 0.664895077060
0 39 0.117737726887
0 40 0.743347447628
0 41 0.042766423381
0 42 0.054206899506
0 43 0.208437053113
0 44 0.821564105346
0 45 0.111289593267
0 46 0.615921037140
0 47 0.628318534532
0 48 0.285641234391
0 49 0.414380825059
1 0 0.365895042220
1 1 0.727807409298
1 2 0.980033586870
1 3 0.799501331601
1 4 0.413281922007
1 5 0.318823490623
1 6 0.590967312643
1 7 0.031986998630
1 8 0.086150691835
1 9 0.015537214705
1 10 0.980269472609
1 11 0.893319622732
1 12 0.470509649225
1 13 0.147462895198
1 14 0.456277386980
1 15 0.092140400563
1 16 0.042979818197
1 17 0.971379420398
1 18 0.738186113385
1 19 0.238411615314
1 20 0.918252657740
1 21 0.855383909031
1 22 0.400036187313
1 23 0.540947820977
1 24 0.515241593920
1 25 0.446851945707
1 26 0.789403234596
1 27 0.486603773481
1 28 0.698542220859
1 29 0.160214931932
1 30 0.983788465476
1 31 0.751892880706
1 32 0.543595586589
1 33 0.122191698007
1 34 0.284012771032
1 35 0.884201879312
1 36 0.939681941302
1 37 0.122072077831
1 38 0.434089703708
1 39 0.868075840267
1 40 0.224874567621
1 41 0.806791402272
1 42 0.377778469654
1 43 0.291576138775
1 44 0.740307010140
1 45 0.777084451142
1 46 0.700661516403
1 47 0.192176769610
1 48 0.491337842487
1 49 0.454553333686
2 0 0.829774808496
2 1 0.621795466141
2 2 0.326292586413
2 3 0.260870273755
2 4 0.606665938185
2 5 0.834183599458
2 6 0.687347116796
2 7 0.981705845970
2 8 0.570015927591
2 9 0.908081906706
2 10 0.758867578609
2 11 0.742519414072
2 12 0.587651491236
2 13 0.885210949909
2 14 0.013316165577
2 15 0.957033688507
2 16 0.895819059850
2 17 0.195448018433
2 18 0.841404890380
2 19 0.567474200479
2 20 0.959415010144
2 21 0.361613630398
2 22 0.436664643081
2 23 0.480376252415
2 24 0.717926162950
2 25 0.447208587372
2 26 0.425410433327
2 27 0.331588946361
2 28 0.331029263274
2 29 0.929486768736
2 30 0.636143365920
2 31 0.250092177575
2 32 0.523526568964
2 33 0.991391145833
2 34 0.282607991168
2 35 0.637325957444
2 36 0.757010887328
2 37 0.367941765617
2 38 0.543368652161
2 39 0.228970069849
2 40 0.849361438831
2 41 0.956151529036
2 42 0.392624577493
2 43 0.056162920989
2 44 0.015262659762
2 45 0.586495234493
2 46 0.670132800438
2 47 0.561366082802
2 48 0.596779578592
2 49 0.763504251147
3 0 0.937028578836
3 1 0.964727069826
3 2 0.106534229554
3 3 0.217787752173
3 4 0.638218590416
3 5 0.358611687926
3 6 0.287500195412
3 7 0.651643463993
3 8 0.502336220044
3 9 0.170530283234
3 10 0.887724898331
3 11 0.545847500641
3 12 0.174932609575
3 13 0.009532588061
3 14 0.013347642547
3 15 0.569271859813
3 16 0.136964521451
3 17 0.147094188353
3 18 0.190652623228
3 19 0.268953866855
3 20 0.745474391387
3 21 0.201064782869
3 22 0.204218989483
3 23 0.454233455401
3 24 0.580241176531
3 25 0.447653417750
3 26 0.095667146402
3 27 0.334551937064
3 28 0.460663461051
3 29 0.196480358511
3 30 0.066360670339
3 31 0.421599566826
3 32 0.834203756740
3 33 0.586833109993
3 34 0.679417716689
3 35 0.853920231273
3 36 0.682780374451
3 37 0.817923351811
3 38 0.506477894383
3 39 0.688679115017
3 40 0.329702265157
3 41 0.158535446147
3 42 0.984823425210
3 43 0.660114726613
3 44 0.943396764555
3 45 0.181651199914
3 46 0.007500974501
3 47 0.515686317110
3 48 0.695078470344
3 49 0.351073600113
4 0 0.020789737100
4 1 0.570701955371
4 2 0.436055545818
4 3 0.959641398786
4 4 0.270853181765
4 5 0.298511065420
4 6 0.721308280838
4 7 0.249702624926
4 8 0.635640590431
4 9 0.317164857222
4 10 0.807334679389
4 11 0.883995830336
4 12 0.670549702022
4 13 0.824653750282
4 14 0.463350770992
4 15 0.685367122916
4 16 0.922153655101
4 17 0.206551730268
4 18 0.172835597192
4 19 0.375684671929
4 20 0.995563654195
4 21 0.568496499600
4 22 0.507422565448
4 23 0.720445194216
4 24 0.698927145428
4 25 0.336149512892
4 26 0.793228603894
4 27 0.538936592406
4 28 0.798595084873
4 29 0.730949124574
4 30 0.895928737890
4 31 0.715321602113
4 32 0.649384725763
4 33 0.453533596463
4 34 0.065519917077
4 35 0.659951985712
4 36 0.128911303877
4 37 0.103972095916
4 38 0.114824428431
4 39 0.811664006269
4 40 0.654609904265
4 41 0.400380491643
4 42 0.441602659890
4 43 0.349557964526
4 44 0.278155411763
4 45 0.096825438499
4 46 0.541646430051
4 47 0.260205231408
4 48 0.146970214441
4 49 0.538130303711
5 0 0.536867014901
5 1 0.168352011869
5 2 0.680277276581
5 3 0.980866016832
5 4 0.247561253368
5 5 0.273463935919
5 6 0.492778235436
5 7 0.569876783881
5 8 0.763587459290
5 9 0.713382132928
5 10 0.951270237537
5 11 0.631863613043
5 12 0.586860679065
5 13 0.129437354165
5 14 0.940214117977
5 15 0.881410857005
5 16 0.739756116265
5 17 0.556668255672
5 18 0.094149962307
5 19 0.353720437984
5 20 0.069782565650
5 21 0.601633398952
5 22 0.919796845663
5 23 0.921071765257
5 24 0.343015278637
5 25 0.752506402360
5 26 0.855987974104
5 27 0.680454458817
5 28 0.758365365856
5 29 0.001737165664
5 30 0.924737292224
5 31 0.450583487306
5 32 0.457092516421
5 33 0.366035065825
5 34 0.953493320134
5 35 0.882335824115
5 36 0.926402656972
5 37 0.414778000963
5 38 0.166627092510
5 39 0.152838335049
5 40 0.811707680679
5 41 0.238544059987
5 42 0.059419010983
5 43 0.690922690124
5 44 0.829752802803
5 45 0.513667230110
5 46 0.553008620419
5 47 0.441968969158
5 48 0.774474930410
5 49 0.930686049541
6 0 0.724236237342
6 1 0.448694317691
6 2 0.149559017914
6 3 0.447756729858
6 4 0.170961823991
6 5 0.344350707554
6 6 0.781072605139
6 7 0.977017459465
6 8 0.714733016736
6 9 0.439543535516
6 10 0.955846978195
6 11 0.769441396985
6 12 0.679754754067
6 13 0.817538705032
6 14 0.449153346912
6 15 0.026951862690
6 16 0.728749298583
6 17 0.656285481877
6 18 0.709124826261
6 19 0.149403880866
6 20 0.543863056003
6 21 0.633493381645
6 22 0.976811925426
6 23 0.203825238075
6 24 0.303889629153
6 25 0.803929127568
6 26 0.577583717875
6 27 0.256751081041
6 28 0.401822391183
6 29 0.135288730845
6 30 0.876819058056
6 31 0.283080946093
6 32 0.005212891890
6 33 0.106744396469
6 34 0.648596236603
6 35 0.424652206452
6 36 0.793626518736
6 37 0.362475993067
6 38 0.774316034618
6 39 0.495987053790
6 40 0.533931503131
6 41 0.507486909557
6 42 0.934715677137
6 43 0.510381953454
6 44 0.776598420370
6 45 0.841419908377
6 46 0.277485033666
6 47 0.006067033220
6 48 0.548031988638
6 49 0.556172631788
7 0 0.932183142097
7 1 0.226638184269
7 2 0.284127896106
7 3 0.393788833929
7 4 0.271120308257
7 5 0.867461045194
7 6 0.951803386518
7 7 0.646967787064
7 8 0.788525701865
7 9 0.832678603751
7 10 0.682054224143
7 11 0.440004447982
7 12 0.325647481228
7 13 0.617067994284
7 14 0.889478600835
7 15 0.150835832639
7 16 0.622176906092
7 17 0.493400644847
7 18 0.924367133948
7 19 0.268421805819
7 20 0.847850199986
7 21 0.702938465383
7 22 0.622129625088
7 23 0.305114120509
7 24 0.190406416999
7 25 0.767592999011
7 26 0.170950602228
7 27 0.996278908191
7 28 0.590309295252
7 29 0.568152437455
7 30 0.307118375731
7 31 0.290411020252
7 32 0.282887878972
7 33 0.086219384548
7 34 0.459187335562
7 35 0.047415106677
7 36 0.782733448609
7 37 0.951902710884
7 38 0.661490919855
7 39 0.876388369861
7 40 0.886057349196
7 41 0.618627114540
7 42 0.455914473419
7 43 0.091370350475
7 44 0.406656484071
7 45 0.543414214424
7 46 0.539573227282
7 47 0.828111575617
7 48 0.986245940886
7 49 0.766503191850
8 0 0.710500067777
8 1 0.584192739371
8 2 0.185985409096
8 3 0.328333170984
8 4 0.332743027333
8 5 0.583310924304
8 6 0.181296962304
8 7 0.638081686370
8 8 0.209040273658
8 9 0.537844892994
8 10 0.545968956434
8 11 0.191298580290
8 12 0.612957201630
8 13 0.006087843042
8 14 0.498921657161
8 15 0.140607953861
8 16 0.192063207813
8 17 0.997067189233
8 18 0.999768899001
8 19 0.783683637029
8 20 0.010337631947
8 21 0.281534627877
8 22 0.095430989285
8 23 0.749152915035
8 24 0.460111991072
8 25 0.506918669927
8 26 0.631081623786
8 27 0.484488391827
8 28 0.823628661405
8 29 0.295383390276
8 30 0.120989780143
8 31 0.536811814659
8 32 0.771370728502
8 33 0.395768361129
8 34 0.166810438472
8 35 0.242625155958
8 36 0.661399769984
8 37 0.510974894525
8 38 0.704650942750
8 39 0.869562275167
8 40 0.574326745018
8 41 0.981906036277
8 42 0.400021298970
8 43 0.072011403296
8 44 0.629821334579
8 45 0.459203134749
8 46 0.045438108843
8 47 0.192579330608
8 48 0.367819613090
8 49 0.251157906081
9 0 0.031926285678
9 1 0.752081609352
9 2 0.795210033664
9 3 0.375180694206
9 4 0.000063559767
9 5 0.302214440933
9 6 0.713898212936
9 7 0.991411417702
9 8 0.622498312251
9 9 0.148186237276
9 10 0.740989778573
9 11 0.762487292941
9 12 0.379800541680
9 13 0.000580087179
9 14 0.640772850084
9 15 0.297924256885
9 16 0.600440794691
9 17 0.643708632319
9 18 0.003549204236
9 19 0.744270539580
9 20 0.777840007814
9 21 0.969118829860
9 22 0.200348711962
9 23 0.336972588998
9 24 0.005020924214
9 25 0.397500691934
9 26 0.309617417144
9 27 0.980636944283
9 28 0.448766150337
9 29 0.724580182297
9 30 0.073453838539
9 31 0.712665175049
9 32 0.694817452821
9 33 0.736412857922
9 34 0.634194157793
9 35 0.282456910552
9 36 0.338479235515
9 37 0.961943235882
9 38 0.204543610054
9 39 0.232975809979
9 40 0.139227309027
9 41 0.123852446432
9 42 0.060370872671
9 43 0.562610959078
9 44 0.797808605233
9 45 0.081690508797
9 46 0.199206859928
9 47 0.982989257322
9 48 0.483816747171
9 49 0.442144522210
0 0 9
0 1 12
0 2 14
0 3 15
0 4 15
0 5 14
0 6 11
0 7 13
0 8 8
0 9 13
0 10 5
0 11 10
0 12 14
0 13 11
0 14 11
0 15 14
0 16 11
0 17 9
0 18 15
0 19 15
0 20 14
0 21 11
0 22 12
0 23 9
0 24 8
0 25 5
0 26 10
0 27 7
0 28 11
0 29 13
0 30 11
0 31 15
0 32 16
0 33 6
0 34 14
0 35 8
0 36 16
0 37 13
0 38 9
0 39 16
0 40 7
0 41 14
0 42 11
0 43 11
0 44 6
0 45 14
0 46 16
0 47 12
0 48 13
0 49 11
1 0 11
1 1 15
1 2 15
1 3 16
1 4 17
1 5 14
1 6 14
1 7 13
1 8 9
1 9 15
1 10 8
1 11 11
1 12 16
1 13 11
1 14 11
1 15 13
1 16 12
1 17 11
1 18 14
1 19 16
1 20 16
1 21 11
1 22 15
1 23 9
1 24 7
1 25 6
1 26 9
1 27 7
1 28 11
1 29 16
1 30 14
1 31 16
1 32 18
1 33 8
1 34 16
1 35 9
1 36 16
1 37 16
1 38 11
1 39 17
1 40 9
1 41 16
1 42 14
1 43 12
1 44 8
1 45 15
1 46 16
1 47 13
1 48 14
1 49 12
2 0 8
2 1 12
2 2 14
2 3 14
2 4 14
2 5 12
2 6 13
2 7 11
2 8 6
2 9 14
2 10 5
2 11 10
2 12 14
2 13 10
2 14 9
2 15 14
2 16 11
2 17 11
2 18 14
2 19 15
2 20 15
2 21 11
2 22 14
2 23 10
2 24 7
2 25 5
2 26 10
2 27 7
2 28 9
2 29 15
2 30 12
2 31 16
2 32 15
2 33 5
2 34 15
2 35 10
2 36 16
2 37 15
2 38 10
2 39 14
2 40 9
2 41 14
2 42 11
2 43 12
2 44 6
2 45 13
2 46 16
2 47 14
2 48 11
2 49 11
3 0 12
3 1 14
3 2 17
3 3 16
3 4 17
3 5 14
3 6 15
3 7 13
3 8 10
3 9 14
3 10 8
3 11 11
3 12 18
3 13 11
3 14 12
3 15 16
3 16 12
3 17 11
3 18 16
3 19 18
3 20 18
3 21 11
3 22 14
3 23 10
3 24 9
3 25 7
3 26 11
3 27 9
3 28 13
3 29 15
3 30 14
3 31 18
3 32 17
3 33 9
3 34 17
3 35 10
3 36 18
3 37 15
3 38 12
3 39 18
3 40 9
3 41 16
3 42 14
3 43 12
3 44 8
3 45 15
3 46 16
3 47 16
3 48 14
3 49 14
4 0 10
4 1 13
4 2 13
4 3 16
4 4 16
4 5 14
4 6 11
4 7 12
4 8 6
4 9 12
4 10 7
4 11 9
4 12 16
4 13 10
4 14 11
4 15 14
4 16 11
4 17 10
4 18 13
4 19 15
4 20 16
4 21 11
4 22 13
4 23 9
4 24 6
4 25 6
4 26 10
4 27 7
4 28 11
4 29 15
4 30 11
4 31 15
4 32 16
4 33 7
4 34 14
4 35 8
4 36 15
4 37 14
4 38 10
4 39 15
4 40 8
4 41 14
4 42 13
4 43 10
4 44 7
4 45 15
4 46 14
4 47 12
4 48 13
4 49 10
5 0 11
5 1 13
5 2 16
5 3 16
5 4 15
5 5 14
5 6 14
5 7 12
5 8 8
5 9 15
5 10 8
5 11 11
5 12 15
5 13 12
5 14 10
5 15 14
5 16 12
5 17 10
5 18 15
5 19 18
5 20 17
5 21 11
5 22 14
5 23 9
5 24 8
5 25 8
5 26 11
5 27 8
5 28 12
5 29 14
5 30 12
5 31 16
5 32 18
5 33 8
5 34 15
5 35 10
5 36 17
5 37 14
5 38 10
5 39 17
5 40 10
5 41 16
5 42 13
5 43 11
5 44 8
5 45 15
5 46 16
5 47 15
5 48 12
5 49 11
6 0 9
6 1 15
6 2 16
6 3 15
6 4 17
6 5 14
6 6 13
6 7 14
6 8 9
6 9 13
6 10 7
6 11 11
6 12 15
6 13 11
6 14 11
6 15 14
6 16 13
6 17 12
6 18 16
6 19 18
6 20 17
6 21 10
6 22 14
6 23 11
6 24 9
6 25 8
6 26 11
6 27 7
6 28 12
6 29 16
6 30 12
6 31 17
6 32 16
6 33 7
6 34 15
6 35 9
6 36 18
6 37 15
6 38 11
6 39 17
6 40 9
6 41 15
6 42 14
6 43 13
6 44 6
6 45 15
6 46 16
6 47 14
6 48 14
6 49 11
7 0 10
7 1 14
7 2 15
7 3 15
7 4 15
7 5 12
7 6 11
7 7 13
7 8 7
7 9 12
7 10 6
7 11 9
7 12 15
7 13 9
7 14 10
7 15 14
7 16 11
7 17 11
7 18 13
7 19 16
7 20 16
7 21 9
7 22 14
7 23 9
7 24 6
7 25 5
7 26 8
7 27 8
7 28 10
7 29 13
7 30 13
7 31 17
7 32 15
7 33 6
7 34 15
7 35 9
7 36 15
7 37 14
7 38 11
7 39 14
7 40 9
7 41 16
7 42 12
7 43 12
7 44 7
7 45 13
7 46 14
7 47 12
7 48 12
7 49 10
8 0 9
8 1 15
8 2 16
8 3 17
8 4 16
8 5 13
8 6 12
8 7 14
8 8 7
8 9 13
8 10 8
8 11 9
8 12 16
8 13 11
8 14 10
8 15 13
8 16 13
8 17 11
8 18 16
8 19 16
8 20 15
8 21 11
8 22 13
8 23 10
8 24 7
8 25 7
8 26 9
8 27 8
8 28 11
8 29 16
8 30 14
8 31 18
8 32 17
8 33 8
8 34 15
8 35 11
8 36 17
8 37 14
8 38 10
8 39 17
8 40 8
8 41 16
8 42 12
8 43 12
8 44 8
8 45 14
8 46 17
8 47 14
8 48 12
8 49 13
9 0 10
9 1 14
9 2 16
9 3 16
9 4 17
9 5 14
9 6 15
9 7 13
9 8 8
9 9 16
9 10 9
9 11 12
9 12 16
9 13 11
9 14 13
9 15 15
9 16 13
9 17 13
9 18 16
9 19 17
9 20 18
9 21 11
9 22 15
9 23 10
9 24 8
9 25 7
9 26 12
9 27 9
9 28 11
9 29 15
9 30 15
9 31 18
9 32 18
9 33 9
9 34 18
9 35 12
9 36 17
9 37 17
9 38 13
9 39 18
9 40 11
9 41 18
9 42 15
9 43 13
9 44 7
9 45 16
9 46 17
9 47 16
9 48 15
9 49 13
