10 50 10 2 2.0 1.0 1.5 95
7 20 5
1 49 8
5 91 7
3 90 7
8 57 7
7 44 14
9 81 13
2 36 13
6 69 14
8 23 12
4 88 9
9 65 12
7 87 5
8 57 11
0 96 7
3 30 12
2 60 8
9 92 5
2 2 5
6 49 5
3 42 11
0 73 12
0 80 14
9 28 12
2 60 9
5 23 14
1 27 8
6 71 7
7 96 11
7 43 10
3 95 13
9 91 12
0 33 12
5 31 15
6 85 8
6 26 10
5 44 12
0 55 10
4 70 14
4 56 5
8 16 6
3 84 14
1 42 11
4 60 5
4 69 6
2 35 7
1 93 10
1 98 11
8 19 13
5 46 11
0 0 0.521503209340
0 1 0.665402100248
0 2 0.915790361561
0 3 0.331619796085
0 4 0.858208076289
0 5 0.319785051353
0 6 0.026296303478
0 7 0.062542573791
0 8 0.140255836815
0 9 0.365115929148
0 10 0.766534549626
0 11 0.009459746000
0 12 0.259255422875
0 13 0.081710866462
0 14 0.270372617705
0 15 0.087421536521
0 16 0.199257362441
0 17 0.045095724596
0 18 0.484132533515
0 19 0.746574486683
0 20 0.105552911179
0 21 0.560110238074
0 22 0.969230222401
0 23 0.046282597304
0 24 0.620813902423
0 25 0.234896388720
0 26 0.993841359470
0 27 0.638411355572
0 28 0.447157337501
0 29 0.940840359088
0 30 0.623329225259
0 31 0.768664522967
0 32 0.283012677595
0 33 0.672329726752
0 34 0.931378317998
0 35 0.625969892329
0 36 0.159909341974
0 37 0.488057787617
0 38 0.944803539700
0 39 0.492778968751
0 40 0.379404963095
0 41 0.212994782712
0 42 0.247811222702
0 43 0.923276334057
0 44 0.112234093488
0 45 0.802732688372
0 46 0.066875277487
0 47 0.832832245723
0 48 0.457580614385
0 49 0.926912936757
1 0 0.348613732239
1 1 0.460393346538
1 2 0.926807872067
1 3 0.732701724749
1 4 0.782322420232
1 5 0.363115773409
1 6 0.319005637291
1 7 0.307972716044
1 8 0.462961043720
1 9 0.659752011690
1 10 0.919242769502
1 11 0.343237034030
1 12 0.811099086009
1 13 0.466440377753
1 14 0.775861669385
1 15 0.022995538978
1 16 0.862958090135
1 17 0.520674031177
1 18 0.955914783468
1 19 0.851750570385
1 20 0.600096689117
1 21 0.906525695868
1 22 0.306700823374
1 23 0.526380846374
1 24 0.439056338962
1 25 0.880363961568
1 26 0.374397765010
1 27 0.595407691568
1 28 0.722055717147
1 29 0.803662312209
1 30 0.037001388336
1 31 0.193631330380
1 32 0.916541160696
1 33 0.671122114658
1 34 0.784445189204
1 35 0.753608339276
1 36 0.803438846203
1 37 0.793619665833
1 38 0.119130229430
1 39 0.560745915729
1 40 0.882331114238
1 41 0.172808173948
1 42 0.728733371856
1 43 0.506396103637
1 44 0.017575348161
1 45 0.942114208629
1 46 0.717917999856
1 47 0.535058672464
1 48 0.527613714248
1 49 0.249026623382
2 0 0.725538232772
2 1 0.837565942086
2 2 0.053820771931
2 3 0.944559064316
2 4 0.644555991374
2 5 0.159299373392
2 6 0.200131626327
2 7 0.362688391537
2 8 0.567088621256
2 9 0.059739896842
2 10 0.659205295153
2 11 0.093319090472
2 12 0.459169192928
2 13 0.815873617819
2 14 0.064752418178
2 15 0.114245927707
2 16 0.761078785190
2 17 0.675582261614
2 18 0.254815426160
2 19 0.454582023745
2 20 0.358794574766
2 21 0.324135494322
2 22 0.412382184541
2 23 0.542321052854
2 24 0.254418636677
2 25 0.740165620758
2 26 0.194136589892
2 27 0.623394340250
2 28 0.956036745420
2 29 0.428198890114
2 30 0.587372238484
2 31 0.996381631500
2 32 0.300637599758
2 33 0.330822396540
2 34 0.388655179029
2 35 0.376931004952
2 36 0.860500523936
2 37 0.965756406003
2 38 0.344694108512
2 39 0.901937163978
2 40 0.731013132195
2 41 0.244450263831
2 42 0.893249083577
2 43 0.305292244746
2 44 0.344660876589
2 45 0.655417537292
2 46 0.863907742362
2 47 0.818588462016
2 48 0.986046438508
2 49 0.828855616420
3 0 0.389400576794
3 1 0.962953777668
3 2 0.623728469064
3 3 0.178366069863
3 4 0.227399848955
3 5 0.426674699742
3 6 0.410664997769
3 7 0.994522042427
3 8 0.339627720744
3 9 0.210782971818
3 10 0.742934149954
3 11 0.771550485718
3 12 0.861305643167
3 13 0.819750247488
3 14 0.247393321318
3 15 0.119243884050
3 16 0.376344352092
3 17 0.708323581508
3 18 0.462295135471
3 19 0.696974280033
3 20 0.430293705713
3 21 0.121605693390
3 22 0.305676823225
3 23 0.423866203062
3 24 0.952819005165
3 25 0.497922207676
3 26 0.299184949201
3 27 0.027979528564
3 28 0.735474669978
3 29 0.936040264339
3 30 0.345362333395
3 31 0.278764396639
3 32 0.582431080142
3 33 0.839194813504
3 34 0.267378168115
3 35 0.884952087683
3 36 0.022414621333
3 37 0.018505107219
3 38 0.403664222930
3 39 0.101483399766
3 40 0.715604296388
3 41 0.952270158042
3 42 0.474460512785
3 43 0.034940056640
3 44 0.185778459228
3 45 0.858223705421
3 46 0.031947932404
3 47 0.618066399292
3 48 0.878672663759
3 49 0.124437508275
4 0 0.945516695430
4 1 0.251088448761
4 2 0.660321814204
4 3 0.287552851656
4 4 0.436186421101
4 5 0.724229156545
4 6 0.722702554537
4 7 0.891681243437
4 8 0.847794077015
4 9 0.498926712159
4 10 0.976113108781
4 11 0.582766162759
4 12 0.538691153967
4 13 0.680960328744
4 14 0.555935381379
4 15 0.549216046739
4 16 0.998061066825
4 17 0.164749001081
4 18 0.186695397292
4 19 0.409486844818
4 20 0.925981607410
4 21 0.134104551125
4 22 0.238628637710
4 23 0.441491999265
4 24 0.251618200396
4 25 0.912143541176
4 26 0.878735208242
4 27 0.188039980371
4 28 0.193797373241
4 29 0.650016943690
4 30 0.636402317274
4 31 0.472987154517
4 32 0.529313936574
4 33 0.444526101120
4 34 0.508345419465
4 35 0.605047338483
4 36 0.889612835262
4 37 0.485149901841
4 38 0.636380744510
4 39 0.816229093316
4 40 0.466482702924
4 41 0.200687390575
4 42 0.358131526676
4 43 0.725113740080
4 44 0.843977876438
4 45 0.618152982302
4 46 0.931936577764
4 47 0.684452852185
4 48 0.709113112704
4 49 0.759537760236
5 0 0.656078074275
5 1 0.005487735826
5 2 0.901248533047
5 3 0.280450292199
5 4 0.591692021448
5 5 0.280090373676
5 6 0.515538952915
5 7 0.544268719013
5 8 0.676644295441
5 9 0.928985252419
5 10 0.271968513430
5 11 0.553758224021
5 12 0.455473358614
5 13 0.126657392384
5 14 0.793725148230
5 15 0.931838041016
5 16 0.187904918253
5 17 0.921116456278
5 18 0.659071367728
5 19 0.683304179298
5 20 0.925250076021
5 21 0.270275140746
5 22 0.308920763548
5 23 0.379035811547
5 24 0.282584103225
5 25 0.663769207152
5 26 0.233826648322
5 27 0.968629026210
5 28 0.866225508592
5 29 0.694151526461
5 30 0.818889413863
5 31 0.743801312803
5 32 0.215382647141
5 33 0.259325251149
5 34 0.753650311340
5 35 0.830602479615
5 36 0.370081240531
5 37 0.860164414047
5 38 0.447987307807
5 39 0.830689318315
5 40 0.556584746343
5 41 0.926415390220
5 42 0.798107156242
5 43 0.196354606009
5 44 0.117320830078
5 45 0.258903438200
5 46 0.939361849711
5 47 0.729884214797
5 48 0.147094837548
5 49 0.637431351422
6 0 0.662137948284
6 1 0.528747790013
6 2 0.947646233824
6 3 0.268705339408
6 4 0.483149865428
6 5 0.198368461337
6 6 0.998405988793
6 7 0.472079706235
6 8 0.841120879236
6 9 0.546393257081
6 10 0.760721302948
6 11 0.815381741629
6 12 0.003911504163
6 13 0.242017287430
6 14 0.842466167083
6 15 0.150401092762
6 16 0.204097292303
6 17 0.646996523688
6 18 0.443755596048
6 19 0.620658541754
6 20 0.544202319094
6 21 0.047634742473
6 22 0.233624016706
6 23 0.533065289514
6 24 0.202884554337
6 25 0.503214395939
6 26 0.422005445304
6 27 0.793259312400
6 28 0.415972903919
6 29 0.544197741363
6 30 0.907038533491
6 31 0.438658185156
6 32 0.274493963067
6 33 0.813306981251
6 34 0.014279046238
6 35 0.863797350692
6 36 0.388153392854
6 37 0.626975552275
6 38 0.101870508057
6 39 0.272403187716
6 40 0.701853153162
6 41 0.804347398985
6 42 0.989004777945
6 43 0.024106731639
6 44 0.515514664366
6 45 0.572128499234
6 46 0.568374230235
6 47 0.313328315087
6 48 0.201485816010
6 49 0.722223586590
7 0 0.972736481159
7 1 0.407214619646
7 2 0.702906548180
7 3 0.856665827873
7 4 0.206375868965
7 5 0.822910570281
7 6 0.796662025765
7 7 0.622504368670
7 8 0.365961119164
7 9 0.206272157342
7 10 0.143944625467
7 11 0.831274012493
7 12 0.560428887802
7 13 0.236212280813
7 14 0.228427459439
7 15 0.567509321411
7 16 0.709628054740
7 17 0.061308447246
7 18 0.440945213179
7 19 0.527044036639
7 20 0.253654750032
7 21 0.387512004893
7 22 0.048776125839
7 23 0.212227559120
7 24 0.470886474808
7 25 0.400599167812
7 26 0.889248884019
7 27 0.255784153830
7 28 0.496579810931
7 29 0.125426102943
7 30 0.625608974240
7 31 0.066679322491
7 32 0.787729092053
7 33 0.597792981880
7 34 0.438194910279
7 35 0.675028229792
7 36 0.214164770620
7 37 0.024142024066
7 38 0.811316165600
7 39 0.487989256846
7 40 0.577094672872
7 41 0.636501366353
7 42 0.761533161356
7 43 0.137529987402
7 44 0.706920161206
7 45 0.566580495018
7 46 0.817228183261
7 47 0.368445948755
7 48 0.435500172672
7 49 0.533726586385
8 0 0.221808368034
8 1 0.407005894033
8 2 0.792177344637
8 3 0.731577962759
8 4 0.678002048535
8 5 0.428505485491
8 6 0.140219846720
8 7 0.935389545608
8 8 0.510868063515
8 9 0.883662363331
8 10 0.399970593062
8 11 0.665446507406
8 12 0.167254904891
8 13 0.241173461761
8 14 0.320755586600
8 15 0.861375417456
8 16 0.998769585667
8 17 0.488668230235
8 18 0.715937619341
8 19 0.470189750194
8 20 0.372262967057
8 21 0.436716625831
8 22 0.467385314031
8 23 0.420539680807
8 24 0.592823281522
8 25 0.772196763539
8 26 0.721571131176
8 27 0.712632330633
8 28 0.484123679823
8 29 0.911716426437
8 30 0.272453474009
8 31 0.793438312123
8 32 0.888909015239
8 33 0.235131812911
8 34 0.049930028843
8 35 0.076345858585
8 36 0.016498563065
8 37 0.611950327193
8 38 0.455217508555
8 39 0.509992688359
8 40 0.836496636283
8 41 0.979177345860
8 42 0.077055537076
8 43 0.083491896512
8 44 0.828108187742
8 45 0.658085113512
8 46 0.250452605312
8 47 0.919431219105
8 48 0.282342402914
8 49 0.183360143630
9 0 0.816337930371
9 1 0.581958911959
9 2 0.317912237628
9 3 0.661442787470
9 4 0.191310145688
9 5 0.276977432723
9 6 0.238226725727
9 7 0.089765832119
9 8 0.629135035914
9 9 0.722136205410
9 10 0.870246750354
9 11 0.400553596451
9 12 0.172414288146
9 13 0.584145430069
9 14 0.736336003468
9 15 0.720015230193
9 16 0.203783811613
9 17 0.412508296653
9 18 0.357808888134
9 19 0.133380798820
9 20 0.519384621887
9 21 0.139629886899
9 22 0.160656235340
9 23 0.684058831564
9 24 0.209450561178
9 25 0.042456725135
9 26 0.694332908634
9 27 0.637489761002
9 28 0.134575857320
9 29 0.302120842605
9 30 0.629120338337
9 31 0.807737893435
9 32 0.566191674741
9 33 0.914252579183
9 34 0.518942752127
9 35 0.939687637035
9 36 0.868946674117
9 37 0.767526377359
9 38 0.384799948174
9 39 0.018387284904
9 40 0.074946262947
9 41 0.054323722117
9 42 0.739893190518
9 43 0.784429927891
9 44 0.999908333929
9 45 0.116884958764
9 46 0.523473972329
9 47 0.979060734559
9 48 0.043986783454
9 49 0.608240901071
0 0 9
0 1 12
0 2 11
0 3 12
0 4 12
0 5 17
0 6 16
0 7 16
0 8 17
0 9 16
0 10 13
0 11 15
0 12 8
0 13 14
0 14 12
0 15 17
0 16 13
0 17 8
0 18 9
0 19 9
0 20 15
0 21 15
0 22 18
0 23 16
0 24 14
0 25 17
0 26 13
0 27 12
0 28 15
0 29 14
0 30 17
0 31 17
0 32 17
0 33 20
0 34 13
0 35 13
0 36 17
0 37 14
0 38 19
0 39 9
0 40 10
0 41 19
0 42 14
0 43 10
0 44 9
0 45 10
0 46 15
0 47 14
0 48 16
0 49 16
1 0 6
1 1 9
1 2 9
1 3 8
1 4 10
1 5 16
1 6 16
1 7 14
1 8 17
1 9 13
1 10 11
1 11 14
1 12 7
1 13 13
1 14 9
1 15 15
1 16 10
1 17 7
1 18 6
1 19 7
1 20 12
1 21 13
1 22 16
1 23 15
1 24 11
1 25 17
1 26 9
1 27 10
1 28 12
1 29 11
1 30 15
1 31 14
1 32 15
1 33 17
1 34 11
1 35 11
1 36 15
1 37 11
1 38 16
1 39 7
1 40 9
1 41 17
1 42 12
1 43 8
1 44 8
1 45 9
1 46 11
1 47 12
1 48 14
1 49 12
2 0 8
2 1 13
2 2 11
2 3 10
2 4 10
2 5 19
2 6 17
2 7 17
2 8 18
2 9 15
2 10 14
2 11 17
2 12 8
2 13 15
2 14 11
2 15 15
2 16 11
2 17 9
2 18 8
2 19 10
2 20 14
2 21 15
2 22 17
2 23 15
2 24 14
2 25 17
2 26 11
2 27 12
2 28 16
2 29 13
2 30 16
2 31 17
2 32 15
2 33 19
2 34 12
2 35 13
2 36 16
2 37 13
2 38 18
2 39 9
2 40 9
2 41 17
2 42 14
2 43 9
2 44 10
2 45 10
2 46 13
2 47 15
2 48 17
2 49 15
3 0 9
3 1 12
3 2 10
3 3 11
3 4 12
3 5 19
3 6 18
3 7 17
3 8 19
3 9 15
3 10 14
3 11 15
3 12 10
3 13 15
3 14 12
3 15 15
3 16 11
3 17 10
3 18 9
3 19 10
3 20 14
3 21 16
3 22 19
3 23 16
3 24 12
3 25 19
3 26 11
3 27 11
3 28 16
3 29 14
3 30 16
3 31 15
3 32 16
3 33 19
3 34 12
3 35 13
3 36 15
3 37 14
3 38 18
3 39 9
3 40 9
3 41 19
3 42 16
3 43 9
3 44 10
3 45 11
3 46 13
3 47 16
3 48 17
3 49 15
4 0 8
4 1 10
4 2 10
4 3 8
4 4 8
4 5 15
4 6 14
4 7 16
4 8 16
4 9 15
4 10 12
4 11 13
4 12 8
4 13 14
4 14 10
4 15 15
4 16 11
4 17 8
4 18 7
4 19 8
4 20 13
4 21 14
4 22 15
4 23 15
4 24 10
4 25 15
4 26 11
4 27 8
4 28 12
4 29 11
4 30 15
4 31 14
4 32 14
4 33 17
4 34 9
4 35 13
4 36 14
4 37 13
4 38 15
4 39 6
4 40 9
4 41 17
4 42 13
4 43 7
4 44 8
4 45 8
4 46 12
4 47 12
4 48 14
4 49 12
5 0 9
5 1 12
5 2 10
5 3 11
5 4 11
5 5 17
5 6 16
5 7 15
5 8 18
5 9 15
5 10 13
5 11 16
5 12 7
5 13 15
5 14 10
5 15 15
5 16 11
5 17 9
5 18 7
5 19 7
5 20 13
5 21 14
5 22 18
5 23 14
5 24 11
5 25 17
5 26 10
5 27 11
5 28 15
5 29 13
5 30 16
5 31 16
5 32 15
5 33 18
5 34 10
5 35 14
5 36 15
5 37 12
5 38 16
5 39 7
5 40 10
5 41 17
5 42 15
5 43 7
5 44 8
5 45 10
5 46 13
5 47 13
5 48 17
5 49 15
6 0 7
6 1 11
6 2 10
6 3 9
6 4 9
6 5 15
6 6 15
6 7 15
6 8 16
6 9 13
6 10 12
6 11 13
6 12 8
6 13 12
6 14 8
6 15 15
6 16 9
6 17 6
6 18 7
6 19 6
6 20 12
6 21 14
6 22 15
6 23 13
6 24 10
6 25 16
6 26 9
6 27 8
6 28 12
6 29 11
6 30 15
6 31 13
6 32 14
6 33 18
6 34 11
6 35 13
6 36 15
6 37 13
6 38 15
6 39 7
6 40 7
6 41 15
6 42 14
6 43 8
6 44 8
6 45 9
6 46 13
6 47 12
6 48 14
6 49 13
7 0 7
7 1 10
7 2 7
7 3 8
7 4 7
7 5 14
7 6 15
7 7 13
7 8 14
7 9 12
7 10 9
7 11 12
7 12 7
7 13 11
7 14 7
7 15 12
7 16 9
7 17 5
7 18 6
7 19 6
7 20 12
7 21 13
7 22 14
7 23 13
7 24 11
7 25 16
7 26 9
7 27 7
7 28 12
7 29 11
7 30 15
7 31 14
7 32 14
7 33 17
7 34 10
7 35 12
7 36 14
7 37 10
7 38 15
7 39 6
7 40 6
7 41 16
7 42 13
7 43 5
7 44 6
7 45 9
7 46 12
7 47 13
7 48 15
7 49 12
8 0 8
8 1 11
8 2 8
8 3 9
8 4 9
8 5 15
8 6 16
8 7 16
8 8 16
8 9 13
8 10 10
8 11 14
8 12 8
8 13 13
8 14 9
8 15 15
8 16 11
8 17 8
8 18 7
8 19 8
8 20 12
8 21 14
8 22 17
8 23 14
8 24 11
8 25 16
8 26 9
8 27 8
8 28 14
8 29 13
8 30 15
8 31 15
8 32 13
8 33 16
8 34 11
8 35 12
8 36 13
8 37 13
8 38 15
8 39 8
8 40 7
8 41 17
8 42 13
8 43 6
8 44 9
8 45 9
8 46 13
8 47 12
8 48 15
8 49 12
9 0 5
9 1 8
9 2 9
9 3 9
9 4 9
9 5 14
9 6 15
9 7 13
9 8 14
9 9 14
9 10 11
9 11 14
9 12 6
9 13 11
9 14 8
9 15 12
9 16 8
9 17 6
9 18 6
9 19 7
9 20 13
9 21 13
9 22 14
9 23 14
9 24 11
9 25 15
9 26 9
9 27 7
9 28 12
9 29 12
9 30 13
9 31 13
9 32 12
9 33 17
9 34 8
9 35 11
9 36 12
9 37 12
9 38 14
9 39 7
9 40 7
9 41 14
9 42 12
9 43 5
9 44 8
9 45 7
9 46 10
9 47 11
9 48 13
9 49 13
