10 10 10 1 2.0 1.0 1.5 95
2 20 5
9 49 8
1 91 7
5 90 7
3 57 7
6 44 14
8 81 13
7 36 13
0 69 14
4 23 12
0 0 0.521503209340
0 1 0.665402100248
0 2 0.915790361561
0 3 0.331619796085
0 4 0.858208076289
0 5 0.319785051353
0 6 0.026296303478
0 7 0.062542573791
0 8 0.140255836815
0 9 0.365115929148
1 0 0.348613732239
1 1 0.460393346538
1 2 0.926807872067
1 3 0.732701724749
1 4 0.782322420232
1 5 0.363115773409
1 6 0.319005637291
1 7 0.307972716044
1 8 0.462961043720
1 9 0.659752011690
2 0 0.725538232772
2 1 0.837565942086
2 2 0.053820771931
2 3 0.944559064316
2 4 0.644555991374
2 5 0.159299373392
2 6 0.200131626327
2 7 0.362688391537
2 8 0.567088621256
2 9 0.059739896842
3 0 0.389400576794
3 1 0.962953777668
3 2 0.623728469064
3 3 0.178366069863
3 4 0.227399848955
3 5 0.426674699742
3 6 0.410664997769
3 7 0.994522042427
3 8 0.339627720744
3 9 0.210782971818
4 0 0.945516695430
4 1 0.251088448761
4 2 0.660321814204
4 3 0.287552851656
4 4 0.436186421101
4 5 0.724229156545
4 6 0.722702554537
4 7 0.891681243437
4 8 0.847794077015
4 9 0.498926712159
5 0 0.656078074275
5 1 0.005487735826
5 2 0.901248533047
5 3 0.280450292199
5 4 0.591692021448
5 5 0.280090373676
5 6 0.515538952915
5 7 0.544268719013
5 8 0.676644295441
5 9 0.928985252419
6 0 0.662137948284
6 1 0.528747790013
6 2 0.947646233824
6 3 0.268705339408
6 4 0.483149865428
6 5 0.198368461337
6 6 0.998405988793
6 7 0.472079706235
6 8 0.841120879236
6 9 0.546393257081
7 0 0.972736481159
7 1 0.407214619646
7 2 0.702906548180
7 3 0.856665827873
7 4 0.206375868965
7 5 0.822910570281
7 6 0.796662025765
7 7 0.622504368670
7 8 0.365961119164
7 9 0.206272157342
8 0 0.221808368034
8 1 0.407005894033
8 2 0.792177344637
8 3 0.731577962759
8 4 0.678002048535
8 5 0.428505485491
8 6 0.140219846720
8 7 0.935389545608
8 8 0.510868063515
8 9 0.883662363331
9 0 0.816337930371
9 1 0.581958911959
9 2 0.317912237628
9 3 0.661442787470
9 4 0.191310145688
9 5 0.276977432723
9 6 0.238226725727
9 7 0.089765832119
9 8 0.629135035914
9 9 0.722136205410
0 0 9
0 1 12
0 2 11
0 3 12
0 4 12
0 5 17
0 6 16
0 7 16
0 8 17
0 9 16
1 0 7
1 1 9
1 2 8
1 3 8
1 4 10
1 5 17
1 6 16
1 7 14
1 8 16
1 9 14
2 0 9
2 1 11
2 2 11
2 3 11
2 4 12
2 5 17
2 6 18
2 7 18
2 8 18
2 9 16
3 0 9
3 1 13
3 2 12
3 3 12
3 4 12
3 5 17
3 6 18
3 7 17
3 8 19
3 9 16
4 0 7
4 1 11
4 2 8
4 3 10
4 4 8
4 5 15
4 6 16
4 7 14
4 8 15
4 9 15
5 0 7
5 1 10
5 2 10
5 3 9
5 4 11
5 5 17
5 6 17
5 7 15
5 8 18
5 9 14
6 0 7
6 1 10
6 2 9
6 3 9
6 4 9
6 5 17
6 6 15
6 7 15
6 8 15
6 9 14
7 0 5
7 1 8
7 2 8
7 3 9
7 4 8
7 5 16
7 6 13
7 7 15
7 8 14
7 9 12
8 0 7
8 1 10
8 2 10
8 3 9
8 4 10
8 5 15
8 6 16
8 7 14
8 8 16
8 9 14
9 0 7
9 1 10
9 2 7
9 3 9
9 4 8
9 5 15
9 6 13
9 7 13
9 8 14
9 9 12
