10 10 10 1 2.0 1.0 1.5 95
9 46 8
7 60 12
1 23 13
3 14 14
6 93 14
5 96 12
0 95 11
4 50 11
2 35 6
8 44 12
0 0 0.133567545415
0 1 0.686434108357
0 2 0.672141621097
0 3 0.441923007737
0 4 0.956819975225
0 5 0.553386992914
0 6 0.607023077438
0 7 0.106387707050
0 8 0.797508683427
0 9 0.918286965340
1 0 0.365895042220
1 1 0.727807409298
1 2 0.980033586870
1 3 0.799501331601
1 4 0.413281922007
1 5 0.318823490623
1 6 0.590967312643
1 7 0.031986998630
1 8 0.086150691835
1 9 0.015537214705
2 0 0.829774808496
2 1 0.621795466141
2 2 0.326292586413
2 3 0.260870273755
2 4 0.606665938185
2 5 0.834183599458
2 6 0.687347116796
2 7 0.981705845970
2 8 0.570015927591
2 9 0.908081906706
3 0 0.937028578836
3 1 0.964727069826
3 2 0.106534229554
3 3 0.217787752173
3 4 0.638218590416
3 5 0.358611687926
3 6 0.287500195412
3 7 0.651643463993
3 8 0.502336220044
3 9 0.170530283234
4 0 0.020789737100
4 1 0.570701955371
4 2 0.436055545818
4 3 0.959641398786
4 4 0.270853181765
4 5 0.298511065420
4 6 0.721308280838
4 7 0.249702624926
4 8 0.635640590431
4 9 0.317164857222
5 0 0.536867014901
5 1 0.168352011869
5 2 0.680277276581
5 3 0.980866016832
5 4 0.247561253368
5 5 0.273463935919
5 6 0.492778235436
5 7 0.569876783881
5 8 0.763587459290
5 9 0.713382132928
6 0 0.724236237342
6 1 0.448694317691
6 2 0.149559017914
6 3 0.447756729858
6 4 0.170961823991
6 5 0.344350707554
6 6 0.781072605139
6 7 0.977017459465
6 8 0.714733016736
6 9 0.439543535516
7 0 0.932183142097
7 1 0.226638184269
7 2 0.284127896106
7 3 0.393788833929
7 4 0.271120308257
7 5 0.867461045194
7 6 0.951803386518
7 7 0.646967787064
7 8 0.788525701865
7 9 0.832678603751
8 0 0.710500067777
8 1 0.584192739371
8 2 0.185985409096
8 3 0.328333170984
8 4 0.332743027333
8 5 0.583310924304
8 6 0.181296962304
8 7 0.638081686370
8 8 0.209040273658
8 9 0.537844892994
9 0 0.031926285678
9 1 0.752081609352
9 2 0.795210033664
9 3 0.375180694206
9 4 0.000063559767
9 5 0.302214440933
9 6 0.713898212936
9 7 0.991411417702
9 8 0.622498312251
9 9 0.148186237276
0 0 9
0 1 12
0 2 14
0 3 15
0 4 15
0 5 14
0 6 11
0 7 13
0 8 8
0 9 13
1 0 9
1 1 15
1 2 14
1 3 17
1 4 17
1 5 15
1 6 13
1 7 12
1 8 9
1 9 13
2 0 8
2 1 14
2 2 13
2 3 15
2 4 16
2 5 12
2 6 13
2 7 12
2 8 8
2 9 12
3 0 10
3 1 14
3 2 16
3 3 17
3 4 16
3 5 14
3 6 14
3 7 13
3 8 8
3 9 16
4 0 8
4 1 12
4 2 13
4 3 15
4 4 15
4 5 13
4 6 13
4 7 11
4 8 8
4 9 13
5 0 11
5 1 15
5 2 15
5 3 16
5 4 17
5 5 14
5 6 14
5 7 13
5 8 9
5 9 15
6 0 11
6 1 15
6 2 15
6 3 16
6 4 16
6 5 13
6 6 13
6 7 13
6 8 7
6 9 13
7 0 9
7 1 13
7 2 15
7 3 14
7 4 14
7 5 12
7 6 11
7 7 11
7 8 7
7 9 14
8 0 11
8 1 13
8 2 16
8 3 17
8 4 16
8 5 13
8 6 12
8 7 14
8 8 8
8 9 15
9 0 11
9 1 15
9 2 17
9 3 17
9 4 18
9 5 15
9 6 14
9 7 13
9 8 10
9 9 15
