10 100 15 3 2.0 1.0 1.5 95
10 20 5
0 49 8
3 91 7
2 90 7
13 57 7
12 44 14
1 81 13
9 36 13
11 69 14
13 23 12
10 88 9
14 65 12
12 87 5
3 57 11
4 96 7
7 30 12
0 60 8
6 92 5
8 2 5
10 49 5
5 42 11
0 73 12
4 80 14
4 28 12
6 60 9
1 23 14
4 27 8
5 71 7
9 96 11
11 43 10
5 95 13
2 91 12
2 33 12
6 31 15
11 85 8
5 26 10
9 44 12
2 55 10
8 70 14
8 56 5
13 16 6
1 84 14
7 42 11
0 60 5
11 69 6
1 35 7
8 93 10
3 98 11
2 19 13
11 46 11
2 14 8
1 82 8
9 93 15
6 41 12
3 69 7
8 23 6
9 82 8
3 60 11
3 56 5
11 46 9
12 17 9
2 91 8
10 94 9
14 46 9
12 59 5
5 86 15
7 18 8
0 63 9
1 10 9
6 43 7
14 77 5
5 60 12
10 30 15
9 61 14
5 60 13
13 79 8
7 50 5
13 15 10
3 99 13
6 1 6
10 66 6
14 58 7
1 41 8
7 79 12
4 95 5
8 89 8
4 95 10
14 13 13
9 16 14
0 22 14
12 64 10
4 76 15
8 58 5
7 21 13
12 19 15
14 35 10
7 54 8
0 28 10
6 41 11
13 49 8
0 0 0.521503209340
0 1 0.665402100248
0 2 0.915790361561
0 3 0.331619796085
0 4 0.858208076289
0 5 0.319785051353
0 6 0.026296303478
0 7 0.062542573791
0 8 0.140255836815
0 9 0.365115929148
0 10 0.766534549626
0 11 0.009459746000
0 12 0.259255422875
0 13 0.081710866462
0 14 0.270372617705
0 15 0.087421536521
0 16 0.199257362441
0 17 0.045095724596
0 18 0.484132533515
0 19 0.746574486683
0 20 0.105552911179
0 21 0.560110238074
0 22 0.969230222401
0 23 0.046282597304
0 24 0.620813902423
0 25 0.234896388720
0 26 0.993841359470
0 27 0.638411355572
0 28 0.447157337501
0 29 0.940840359088
0 30 0.623329225259
0 31 0.768664522967
0 32 0.283012677595
0 33 0.672329726752
0 34 0.931378317998
0 35 0.625969892329
0 36 0.159909341974
0 37 0.488057787617
0 38 0.944803539700
0 39 0.492778968751
0 40 0.379404963095
0 41 0.212994782712
0 42 0.247811222702
0 43 0.923276334057
0 44 0.112234093488
0 45 0.802732688372
0 46 0.066875277487
0 47 0.832832245723
0 48 0.457580614385
0 49 0.926912936757
0 50 0.496120147776
0 51 0.413856589714
0 52 0.408897840599
0 53 0.547864785177
0 54 0.620712136365
0 55 0.304411932260
0 56 0.172015684945
0 57 0.519306331604
0 58 0.388657640326
0 59 0.418231872228
0 60 0.199109314458
0 61 0.604314260602
0 62 0.266130714998
0 63 0.962352064973
0 64 0.848218960425
0 65 0.873043161686
0 66 0.006909377129
0 67 0.448810180580
0 68 0.683574971377
0 69 0.876127386874
0 70 0.871445853443
0 71 0.659051140171
0 72 0.131149350685
0 73 0.571788721561
0 74 0.978349882456
0 75 0.680675725387
0 76 0.037665130593
0 77 0.309189842011
0 78 0.124880488709
0 79 0.579123079696
0 80 0.947227620763
0 81 0.780095659678
0 82 0.355800368375
0 83 0.300603200121
0 84 0.028120614539
0 85 0.549419790520
0 86 0.249913579676
0 87 0.164920235335
0 88 0.643002165824
0 89 0.860716879662
0 90 0.821415030817
0 91 0.559909473111
0 92 0.701153795927
0 93 0.209842519398
0 94 0.273047947321
0 95 0.048713267852
0 96 0.230318701327
0 97 0.537790266704
0 98 0.737024423945
0 99 0.013152199166
1 0 0.348613732239
1 1 0.460393346538
1 2 0.926807872067
1 3 0.732701724749
1 4 0.782322420232
1 5 0.363115773409
1 6 0.319005637291
1 7 0.307972716044
1 8 0.462961043720
1 9 0.659752011690
1 10 0.919242769502
1 11 0.343237034030
1 12 0.811099086009
1 13 0.466440377753
1 14 0.775861669385
1 15 0.022995538978
1 16 0.862958090135
1 17 0.520674031177
1 18 0.955914783468
1 19 0.851750570385
1 20 0.600096689117
1 21 0.906525695868
1 22 0.306700823374
1 23 0.526380846374
1 24 0.439056338962
1 25 0.880363961568
1 26 0.374397765010
1 27 0.595407691568
1 28 0.722055717147
1 29 0.803662312209
1 30 0.037001388336
1 31 0.193631330380
1 32 0.916541160696
1 33 0.671122114658
1 34 0.784445189204
1 35 0.753608339276
1 36 0.803438846203
1 37 0.793619665833
1 38 0.119130229430
1 39 0.560745915729
1 40 0.882331114238
1 41 0.172808173948
1 42 0.728733371856
1 43 0.506396103637
1 44 0.017575348161
1 45 0.942114208629
1 46 0.717917999856
1 47 0.535058672464
1 48 0.527613714248
1 49 0.249026623382
1 50 0.844868766040
1 51 0.439262846988
1 52 0.993234993858
1 53 0.678985787878
1 54 0.499689248290
1 55 0.474032617937
1 56 0.248737885962
1 57 0.679830101095
1 58 0.766750390933
1 59 0.034485543207
1 60 0.877506628898
1 61 0.959632174609
1 62 0.865883726421
1 63 0.130671817125
1 64 0.349160289797
1 65 0.246839929830
1 66 0.938736479524
1 67 0.644556143801
1 68 0.540492295563
1 69 0.305182743236
1 70 0.340855450797
1 71 0.590265791875
1 72 0.801473535327
1 73 0.054133565413
1 74 0.198862521922
1 75 0.224159313021
1 76 0.147434079922
1 77 0.424931503396
1 78 0.825168069442
1 79 0.154352045726
1 80 0.242020801437
1 81 0.580340019519
1 82 0.573206620708
1 83 0.137767475453
1 84 0.657266907494
1 85 0.522819178228
1 86 0.119296544070
1 87 0.161173018639
1 88 0.636721998708
1 89 0.594606089375
1 90 0.900721546044
1 91 0.728562129926
1 92 0.143563577325
1 93 0.648904545535
1 94 0.439200818644
1 95 0.526175774075
1 96 0.126774048772
1 97 0.664857072742
1 98 0.702812697775
1 99 0.373253513082
2 0 0.725538232772
2 1 0.837565942086
2 2 0.053820771931
2 3 0.944559064316
2 4 0.644555991374
2 5 0.159299373392
2 6 0.200131626327
2 7 0.362688391537
2 8 0.567088621256
2 9 0.059739896842
2 10 0.659205295153
2 11 0.093319090472
2 12 0.459169192928
2 13 0.815873617819
2 14 0.064752418178
2 15 0.114245927707
2 16 0.761078785190
2 17 0.675582261614
2 18 0.254815426160
2 19 0.454582023745
2 20 0.358794574766
2 21 0.324135494322
2 22 0.412382184541
2 23 0.542321052854
2 24 0.254418636677
2 25 0.740165620758
2 26 0.194136589892
2 27 0.623394340250
2 28 0.956036745420
2 29 0.428198890114
2 30 0.587372238484
2 31 0.996381631500
2 32 0.300637599758
2 33 0.330822396540
2 34 0.388655179029
2 35 0.376931004952
2 36 0.860500523936
2 37 0.965756406003
2 38 0.344694108512
2 39 0.901937163978
2 40 0.731013132195
2 41 0.244450263831
2 42 0.893249083577
2 43 0.305292244746
2 44 0.344660876589
2 45 0.655417537292
2 46 0.863907742362
2 47 0.818588462016
2 48 0.986046438508
2 49 0.828855616420
2 50 0.337413747862
2 51 0.558515001795
2 52 0.739909717243
2 53 0.884996512799
2 54 0.323221213294
2 55 0.458379463042
2 56 0.053812480098
2 57 0.774642025128
2 58 0.558448000510
2 59 0.977127469564
2 60 0.132793483731
2 61 0.844844044045
2 62 0.021531912054
2 63 0.182088757838
2 64 0.320807400149
2 65 0.976873013334
2 66 0.518920644192
2 67 0.127886255526
2 68 0.309757667456
2 69 0.618525418849
2 70 0.727814075662
2 71 0.627704775641
2 72 0.146942714201
2 73 0.206480040282
2 74 0.165271426727
2 75 0.258021259076
2 76 0.916474205148
2 77 0.220817340124
2 78 0.260316357042
2 79 0.248292038862
2 80 0.038554747107
2 81 0.459325460853
2 82 0.242559233327
2 83 0.476141905418
2 84 0.503691547649
2 85 0.641228274269
2 86 0.216523492117
2 87 0.047604125507
2 88 0.404455482530
2 89 0.408760512101
2 90 0.634401993708
2 91 0.883410600976
2 92 0.597840106359
2 93 0.039870538632
2 94 0.191141088369
2 95 0.626592642056
2 96 0.449131015663
2 97 0.949664879744
2 98 0.999495375774
2 99 0.301414910797
3 0 0.389400576794
3 1 0.962953777668
3 2 0.623728469064
3 3 0.178366069863
3 4 0.227399848955
3 5 0.426674699742
3 6 0.410664997769
3 7 0.994522042427
3 8 0.339627720744
3 9 0.210782971818
3 10 0.742934149954
3 11 0.771550485718
3 12 0.861305643167
3 13 0.819750247488
3 14 0.247393321318
3 15 0.119243884050
3 16 0.376344352092
3 17 0.708323581508
3 18 0.462295135471
3 19 0.696974280033
3 20 0.430293705713
3 21 0.121605693390
3 22 0.305676823225
3 23 0.423866203062
3 24 0.952819005165
3 25 0.497922207676
3 26 0.299184949201
3 27 0.027979528564
3 28 0.735474669978
3 29 0.936040264339
3 30 0.345362333395
3 31 0.278764396639
3 32 0.582431080142
3 33 0.839194813504
3 34 0.267378168115
3 35 0.884952087683
3 36 0.022414621333
3 37 0.018505107219
3 38 0.403664222930
3 39 0.101483399766
3 40 0.715604296388
3 41 0.952270158042
3 42 0.474460512785
3 43 0.034940056640
3 44 0.185778459228
3 45 0.858223705421
3 46 0.031947932404
3 47 0.618066399292
3 48 0.878672663759
3 49 0.124437508275
3 50 0.074663480920
3 51 0.561217734625
3 52 0.452111271703
3 53 0.681847814373
3 54 0.905035647654
3 55 0.662009083324
3 56 0.339991235987
3 57 0.157981253304
3 58 0.975684330199
3 59 0.317686797072
3 60 0.817393136589
3 61 0.658068698767
3 62 0.115397026385
3 63 0.502435584162
3 64 0.296969016407
3 65 0.572883529280
3 66 0.726024532100
3 67 0.015864754540
3 68 0.553612654690
3 69 0.517975659859
3 70 0.989874323583
3 71 0.287707450648
3 72 0.771143952969
3 73 0.593595232240
3 74 0.058004114883
3 75 0.539127194639
3 76 0.556913638877
3 77 0.326071665216
3 78 0.622905521075
3 79 0.734452649048
3 80 0.107352816717
3 81 0.853181599289
3 82 0.356769101397
3 83 0.966196896548
3 84 0.640192108214
3 85 0.627962479774
3 86 0.593244509905
3 87 0.929955483058
3 88 0.789786683973
3 89 0.909995723291
3 90 0.847625296741
3 91 0.137366687681
3 92 0.898896991810
3 93 0.039724403218
3 94 0.109854188911
3 95 0.333211457248
3 96 0.062307970282
3 97 0.387560298054
3 98 0.353469651036
3 99 0.031339889187
4 0 0.945516695430
4 1 0.251088448761
4 2 0.660321814204
4 3 0.287552851656
4 4 0.436186421101
4 5 0.724229156545
4 6 0.722702554537
4 7 0.891681243437
4 8 0.847794077015
4 9 0.498926712159
4 10 0.976113108781
4 11 0.582766162759
4 12 0.538691153967
4 13 0.680960328744
4 14 0.555935381379
4 15 0.549216046739
4 16 0.998061066825
4 17 0.164749001081
4 18 0.186695397292
4 19 0.409486844818
4 20 0.925981607410
4 21 0.134104551125
4 22 0.238628637710
4 23 0.441491999265
4 24 0.251618200396
4 25 0.912143541176
4 26 0.878735208242
4 27 0.188039980371
4 28 0.193797373241
4 29 0.650016943690
4 30 0.636402317274
4 31 0.472987154517
4 32 0.529313936574
4 33 0.444526101120
4 34 0.508345419465
4 35 0.605047338483
4 36 0.889612835262
4 37 0.485149901841
4 38 0.636380744510
4 39 0.816229093316
4 40 0.466482702924
4 41 0.200687390575
4 42 0.358131526676
4 43 0.725113740080
4 44 0.843977876438
4 45 0.618152982302
4 46 0.931936577764
4 47 0.684452852185
4 48 0.709113112704
4 49 0.759537760236
4 50 0.671851956245
4 51 0.204252421766
4 52 0.481667102439
4 53 0.256093059143
4 54 0.844404918241
4 55 0.241085306125
4 56 0.162958091954
4 57 0.827096334907
4 58 0.662774031155
4 59 0.451420323405
4 60 0.366567628169
4 61 0.608108170459
4 62 0.665632425007
4 63 0.115728144731
4 64 0.375176370318
4 65 0.623646117242
4 66 0.401948516381
4 67 0.614595239919
4 68 0.550879786938
4 69 0.900394510526
4 70 0.101382432871
4 71 0.725769333307
4 72 0.190487810415
4 73 0.746159776584
4 74 0.708635834720
4 75 0.561929098964
4 76 0.674325331962
4 77 0.984503364630
4 78 0.820482419655
4 79 0.431127473376
4 80 0.668756078912
4 81 0.678737860916
4 82 0.974460820814
4 83 0.474873079227
4 84 0.185300591148
4 85 0.810621970174
4 86 0.691900522079
4 87 0.567222666495
4 88 0.104963691436
4 89 0.607551604653
4 90 0.347235161495
4 91 0.641308977868
4 92 0.014465577872
4 93 0.168067239430
4 94 0.830179893669
4 95 0.410693412022
4 96 0.485625270009
4 97 0.357622242632
4 98 0.676987203713
4 99 0.163451550689
5 0 0.656078074275
5 1 0.005487735826
5 2 0.901248533047
5 3 0.280450292199
5 4 0.591692021448
5 5 0.280090373676
5 6 0.515538952915
5 7 0.544268719013
5 8 0.676644295441
5 9 0.928985252419
5 10 0.271968513430
5 11 0.553758224021
5 12 0.455473358614
5 13 0.126657392384
5 14 0.793725148230
5 15 0.931838041016
5 16 0.187904918253
5 17 0.921116456278
5 18 0.659071367728
5 19 0.683304179298
5 20 0.925250076021
5 21 0.270275140746
5 22 0.308920763548
5 23 0.379035811547
5 24 0.282584103225
5 25 0.663769207152
5 26 0.233826648322
5 27 0.968629026210
5 28 0.866225508592
5 29 0.694151526461
5 30 0.818889413863
5 31 0.743801312803
5 32 0.215382647141
5 33 0.259325251149
5 34 0.753650311340
5 35 0.830602479615
5 36 0.370081240531
5 37 0.860164414047
5 38 0.447987307807
5 39 0.830689318315
5 40 0.556584746343
5 41 0.926415390220
5 42 0.798107156242
5 43 0.196354606009
5 44 0.117320830078
5 45 0.258903438200
5 46 0.939361849711
5 47 0.729884214797
5 48 0.147094837548
5 49 0.637431351422
5 50 0.992359661891
5 51 0.988255788850
5 52 0.513086920493
5 53 0.706095533987
5 54 0.587020336805
5 55 0.096051072916
5 56 0.242330161186
5 57 0.141255427442
5 58 0.076289577486
5 59 0.599317764897
5 60 0.344916087001
5 61 0.531876012748
5 62 0.307129421108
5 63 0.043579497820
5 64 0.750293341128
5 65 0.611134206838
5 66 0.276833498928
5 67 0.396283705647
5 68 0.771420278433
5 69 0.682592308006
5 70 0.656906592601
5 71 0.506023492414
5 72 0.882237009516
5 73 0.971492369464
5 74 0.288545738312
5 75 0.180037801688
5 76 0.505178372355
5 77 0.917181875812
5 78 0.547923727833
5 79 0.863975258800
5 80 0.964913572022
5 81 0.062206430174
5 82 0.683633702394
5 83 0.199073134504
5 84 0.066443178943
5 85 0.326415625229
5 86 0.170913595039
5 87 0.052431176281
5 88 0.719916826916
5 89 0.238612483955
5 90 0.465214634308
5 91 0.283918768087
5 92 0.750871621412
5 93 0.390632375720
5 94 0.783071945805
5 95 0.549699167195
5 96 0.378147574935
5 97 0.447978146651
5 98 0.782854038350
5 99 0.120118162155
6 0 0.662137948284
6 1 0.528747790013
6 2 0.947646233824
6 3 0.268705339408
6 4 0.483149865428
6 5 0.198368461337
6 6 0.998405988793
6 7 0.472079706235
6 8 0.841120879236
6 9 0.546393257081
6 10 0.760721302948
6 11 0.815381741629
6 12 0.003911504163
6 13 0.242017287430
6 14 0.842466167083
6 15 0.150401092762
6 16 0.204097292303
6 17 0.646996523688
6 18 0.443755596048
6 19 0.620658541754
6 20 0.544202319094
6 21 0.047634742473
6 22 0.233624016706
6 23 0.533065289514
6 24 0.202884554337
6 25 0.503214395939
6 26 0.422005445304
6 27 0.793259312400
6 28 0.415972903919
6 29 0.544197741363
6 30 0.907038533491
6 31 0.438658185156
6 32 0.274493963067
6 33 0.813306981251
6 34 0.014279046238
6 35 0.863797350692
6 36 0.388153392854
6 37 0.626975552275
6 38 0.101870508057
6 39 0.272403187716
6 40 0.701853153162
6 41 0.804347398985
6 42 0.989004777945
6 43 0.024106731639
6 44 0.515514664366
6 45 0.572128499234
6 46 0.568374230235
6 47 0.313328315087
6 48 0.201485816010
6 49 0.722223586590
6 50 0.087141275612
6 51 0.552114058138
6 52 0.383782309786
6 53 0.150418147371
6 54 0.181759668076
6 55 0.682567173034
6 56 0.988644392048
6 57 0.763709299693
6 58 0.325435497832
6 59 0.872812460800
6 60 0.359722792435
6 61 0.540201878421
6 62 0.386784013384
6 63 0.844013773604
6 64 0.858603266847
6 65 0.523409359297
6 66 0.341160086198
6 67 0.983271561627
6 68 0.705441059896
6 69 0.161976567571
6 70 0.504569842197
6 71 0.538710723034
6 72 0.584726631547
6 73 0.104360517514
6 74 0.819634675877
6 75 0.391313160078
6 76 0.565436852209
6 77 0.866549772936
6 78 0.756730865898
6 79 0.947505584422
6 80 0.217189539375
6 81 0.751243237103
6 82 0.463586292114
6 83 0.835737144542
6 84 0.281193305062
6 85 0.573504587909
6 86 0.695930896609
6 87 0.377809413517
6 88 0.126971591826
6 89 0.006618211356
6 90 0.280919588221
6 91 0.732418379845
6 92 0.114325963590
6 93 0.402535964704
6 94 0.064982087820
6 95 0.622822377186
6 96 0.278692803210
6 97 0.708271107452
6 98 0.646389772482
6 99 0.523471882522
7 0 0.972736481159
7 1 0.407214619646
7 2 0.702906548180
7 3 0.856665827873
7 4 0.206375868965
7 5 0.822910570281
7 6 0.796662025765
7 7 0.622504368670
7 8 0.365961119164
7 9 0.206272157342
7 10 0.143944625467
7 11 0.831274012493
7 12 0.560428887802
7 13 0.236212280813
7 14 0.228427459439
7 15 0.567509321411
7 16 0.709628054740
7 17 0.061308447246
7 18 0.440945213179
7 19 0.527044036639
7 20 0.253654750032
7 21 0.387512004893
7 22 0.048776125839
7 23 0.212227559120
7 24 0.470886474808
7 25 0.400599167812
7 26 0.889248884019
7 27 0.255784153830
7 28 0.496579810931
7 29 0.125426102943
7 30 0.625608974240
7 31 0.066679322491
7 32 0.787729092053
7 33 0.597792981880
7 34 0.438194910279
7 35 0.675028229792
7 36 0.214164770620
7 37 0.024142024066
7 38 0.811316165600
7 39 0.487989256846
7 40 0.577094672872
7 41 0.636501366353
7 42 0.761533161356
7 43 0.137529987402
7 44 0.706920161206
7 45 0.566580495018
7 46 0.817228183261
7 47 0.368445948755
7 48 0.435500172672
7 49 0.533726586385
7 50 0.509875832571
7 51 0.572280617597
7 52 0.866835743027
7 53 0.505068423628
7 54 0.442951740912
7 55 0.915447942911
7 56 0.413874780860
7 57 0.635863095963
7 58 0.499346493316
7 59 0.726053008420
7 60 0.787421894822
7 61 0.400108767102
7 62 0.813254719463
7 63 0.581636978150
7 64 0.366927227951
7 65 0.408226763903
7 66 0.083946411476
7 67 0.849302992393
7 68 0.007826528563
7 69 0.476549157074
7 70 0.809515820784
7 71 0.270212314517
7 72 0.901392074423
7 73 0.032295900316
7 74 0.084991863972
7 75 0.552249382321
7 76 0.209026816157
7 77 0.961192006307
7 78 0.937402270573
7 79 0.380566851493
7 80 0.603408443050
7 81 0.908831871567
7 82 0.070607449432
7 83 0.602507231667
7 84 0.015419624267
7 85 0.717373006689
7 86 0.438788776804
7 87 0.243584121832
7 88 0.328025236281
7 89 0.772376112030
7 90 0.190056640599
7 91 0.916997282600
7 92 0.908046981696
7 93 0.154472151135
7 94 0.302151197588
7 95 0.817654423970
7 96 0.097087743980
7 97 0.213296626530
7 98 0.296238576145
7 99 0.450563999564
8 0 0.221808368034
8 1 0.407005894033
8 2 0.792177344637
8 3 0.731577962759
8 4 0.678002048535
8 5 0.428505485491
8 6 0.140219846720
8 7 0.935389545608
8 8 0.510868063515
8 9 0.883662363331
8 10 0.399970593062
8 11 0.665446507406
8 12 0.167254904891
8 13 0.241173461761
8 14 0.320755586600
8 15 0.861375417456
8 16 0.998769585667
8 17 0.488668230235
8 18 0.715937619341
8 19 0.470189750194
8 20 0.372262967057
8 21 0.436716625831
8 22 0.467385314031
8 23 0.420539680807
8 24 0.592823281522
8 25 0.772196763539
8 26 0.721571131176
8 27 0.712632330633
8 28 0.484123679823
8 29 0.911716426437
8 30 0.272453474009
8 31 0.793438312123
8 32 0.888909015239
8 33 0.235131812911
8 34 0.049930028843
8 35 0.076345858585
8 36 0.016498563065
8 37 0.611950327193
8 38 0.455217508555
8 39 0.509992688359
8 40 0.836496636283
8 41 0.979177345860
8 42 0.077055537076
8 43 0.083491896512
8 44 0.828108187742
8 45 0.658085113512
8 46 0.250452605312
8 47 0.919431219105
8 48 0.282342402914
8 49 0.183360143630
8 50 0.934341814694
8 51 0.239205029120
8 52 0.559428779438
8 53 0.583505295235
8 54 0.513137369109
8 55 0.977998019002
8 56 0.669091753796
8 57 0.465842424803
8 58 0.483075598958
8 59 0.484362041521
8 60 0.517596980944
8 61 0.783115964156
8 62 0.464261298591
8 63 0.327005571892
8 64 0.898298877894
8 65 0.588878850331
8 66 0.922865236844
8 67 0.487857626735
8 68 0.234579609168
8 69 0.222147787484
8 70 0.262053155624
8 71 0.482668871097
8 72 0.427853518824
8 73 0.052148047249
8 74 0.866311057320
8 75 0.714677363859
8 76 0.027941284414
8 77 0.997906576074
8 78 0.848202510277
8 79 0.438863655184
8 80 0.788044696752
8 81 0.700200965484
8 82 0.811381140494
8 83 0.106295794164
8 84 0.118151414500
8 85 0.954873465041
8 86 0.196074911000
8 87 0.615176253192
8 88 0.414565265390
8 89 0.752670884521
8 90 0.781169809446
8 91 0.731666228461
8 92 0.557800196299
8 93 0.575057142522
8 94 0.290729553221
8 95 0.549732984497
8 96 0.815366457972
8 97 0.208653107101
8 98 0.860735440816
8 99 0.523918319858
9 0 0.816337930371
9 1 0.581958911959
9 2 0.317912237628
9 3 0.661442787470
9 4 0.191310145688
9 5 0.276977432723
9 6 0.238226725727
9 7 0.089765832119
9 8 0.629135035914
9 9 0.722136205410
9 10 0.870246750354
9 11 0.400553596451
9 12 0.172414288146
9 13 0.584145430069
9 14 0.736336003468
9 15 0.720015230193
9 16 0.203783811613
9 17 0.412508296653
9 18 0.357808888134
9 19 0.133380798820
9 20 0.519384621887
9 21 0.139629886899
9 22 0.160656235340
9 23 0.684058831564
9 24 0.209450561178
9 25 0.042456725135
9 26 0.694332908634
9 27 0.637489761002
9 28 0.134575857320
9 29 0.302120842605
9 30 0.629120338337
9 31 0.807737893435
9 32 0.566191674741
9 33 0.914252579183
9 34 0.518942752127
9 35 0.939687637035
9 36 0.868946674117
9 37 0.767526377359
9 38 0.384799948174
9 39 0.018387284904
9 40 0.074946262947
9 41 0.054323722117
9 42 0.739893190518
9 43 0.784429927891
9 44 0.999908333929
9 45 0.116884958764
9 46 0.523473972329
9 47 0.979060734559
9 48 0.043986783454
9 49 0.608240901071
9 50 0.953635263815
9 51 0.918607333201
9 52 0.173057009813
9 53 0.711778550831
9 54 0.020916510392
9 55 0.898576932057
9 56 0.174652787639
9 57 0.728487572930
9 58 0.212489613998
9 59 0.330226120621
9 60 0.756894949163
9 61 0.063705929981
9 62 0.438631670674
9 63 0.712859766917
9 64 0.441848772546
9 65 0.548081812036
9 66 0.821463376046
9 67 0.447012554502
9 68 0.361625144523
9 69 0.604095224804
9 70 0.511519972175
9 71 0.158875536275
9 72 0.521485489566
9 73 0.382210875497
9 74 0.918682694205
9 75 0.566306109922
9 76 0.063459140980
9 77 0.186712076111
9 78 0.142220223917
9 79 0.692385807374
9 80 0.202616273222
9 81 0.533052071188
9 82 0.277235584370
9 83 0.427468672503
9 84 0.824430358837
9 85 0.702608737580
9 86 0.411831263751
9 87 0.493438698769
9 88 0.836900580882
9 89 0.895596512513
9 90 0.157507997978
9 91 0.490809582007
9 92 0.806097098358
9 93 0.103289512826
9 94 0.864192945665
9 95 0.534003884778
9 96 0.923340503238
9 97 0.397764425199
9 98 0.163337043110
9 99 0.494772445579
0 0 9
0 1 12
0 2 11
0 3 12
0 4 12
0 5 17
0 6 16
0 7 16
0 8 17
0 9 16
0 10 13
0 11 15
0 12 8
0 13 14
0 14 12
0 15 17
0 16 13
0 17 8
0 18 9
0 19 9
0 20 15
0 21 15
0 22 18
0 23 16
0 24 14
0 25 17
0 26 13
0 27 12
0 28 15
0 29 14
0 30 17
0 31 17
0 32 17
0 33 20
0 34 13
0 35 13
0 36 17
0 37 14
0 38 19
0 39 9
0 40 10
0 41 19
0 42 14
0 43 10
0 44 9
0 45 10
0 46 15
0 47 14
0 48 16
0 49 16
0 50 11
0 51 11
0 52 19
0 53 15
0 54 12
0 55 10
0 56 13
0 57 14
0 58 10
0 59 12
0 60 13
0 61 12
0 62 13
0 63 13
0 64 9
0 65 20
0 66 12
0 67 13
0 68 12
0 69 11
0 70 8
0 71 15
0 72 19
0 73 19
0 74 17
0 75 13
0 76 8
0 77 15
0 78 16
0 79 9
0 80 10
0 81 11
0 82 13
0 83 16
0 84 10
0 85 11
0 86 15
0 87 16
0 88 18
0 89 18
0 90 15
0 91 20
0 92 8
0 93 18
0 94 19
0 95 14
0 96 11
0 97 13
0 98 14
0 99 11
1 0 6
1 1 11
1 2 9
1 3 8
1 4 8
1 5 17
1 6 15
1 7 15
1 8 16
1 9 13
1 10 12
1 11 15
1 12 6
1 13 13
1 14 9
1 15 13
1 16 9
1 17 7
1 18 6
1 19 8
1 20 12
1 21 13
1 22 15
1 23 13
1 24 12
1 25 15
1 26 9
1 27 10
1 28 14
1 29 11
1 30 14
1 31 15
1 32 13
1 33 17
1 34 10
1 35 11
1 36 14
1 37 11
1 38 16
1 39 7
1 40 7
1 41 15
1 42 12
1 43 7
1 44 8
1 45 8
1 46 11
1 47 13
1 48 15
1 49 13
1 50 10
1 51 10
1 52 16
1 53 14
1 54 10
1 55 9
1 56 11
1 57 13
1 58 8
1 59 10
1 60 12
1 61 9
1 62 12
1 63 11
1 64 8
1 65 16
1 66 9
1 67 12
1 68 11
1 69 10
1 70 6
1 71 14
1 72 18
1 73 16
1 74 14
1 75 11
1 76 6
1 77 12
1 78 16
1 79 8
1 80 7
1 81 8
1 82 10
1 83 14
1 84 7
1 85 9
1 86 11
1 87 15
1 88 16
1 89 16
1 90 11
1 91 18
1 92 8
1 93 15
1 94 17
1 95 12
1 96 9
1 97 13
1 98 13
1 99 10
2 0 10
2 1 12
2 2 12
2 3 10
2 4 10
2 5 17
2 6 16
2 7 18
2 8 18
2 9 17
2 10 14
2 11 15
2 12 10
2 13 16
2 14 12
2 15 17
2 16 13
2 17 10
2 18 9
2 19 10
2 20 15
2 21 16
2 22 17
2 23 17
2 24 12
2 25 17
2 26 13
2 27 10
2 28 14
2 29 13
2 30 17
2 31 16
2 32 16
2 33 19
2 34 11
2 35 15
2 36 16
2 37 15
2 38 17
2 39 8
2 40 11
2 41 19
2 42 15
2 43 9
2 44 10
2 45 10
2 46 14
2 47 14
2 48 16
2 49 14
2 50 13
2 51 13
2 52 19
2 53 17
2 54 12
2 55 10
2 56 12
2 57 14
2 58 10
2 59 13
2 60 14
2 61 13
2 62 12
2 63 14
2 64 9
2 65 19
2 66 12
2 67 14
2 68 12
2 69 10
2 70 8
2 71 15
2 72 20
2 73 17
2 74 16
2 75 12
2 76 8
2 77 15
2 78 18
2 79 10
2 80 10
2 81 12
2 82 12
2 83 16
2 84 8
2 85 13
2 86 14
2 87 16
2 88 17
2 89 17
2 90 15
2 91 19
2 92 10
2 93 16
2 94 18
2 95 14
2 96 12
2 97 13
2 98 16
2 99 13
3 0 9
3 1 13
3 2 12
3 3 11
3 4 11
3 5 17
3 6 17
3 7 17
3 8 18
3 9 15
3 10 14
3 11 15
3 12 10
3 13 14
3 14 10
3 15 17
3 16 11
3 17 8
3 18 9
3 19 8
3 20 14
3 21 16
3 22 17
3 23 15
3 24 12
3 25 18
3 26 11
3 27 10
3 28 14
3 29 13
3 30 17
3 31 15
3 32 16
3 33 20
3 34 13
3 35 15
3 36 17
3 37 15
3 38 17
3 39 9
3 40 9
3 41 17
3 42 16
3 43 10
3 44 10
3 45 11
3 46 15
3 47 14
3 48 16
3 49 15
3 50 13
3 51 13
3 52 18
3 53 16
3 54 10
3 55 9
3 56 13
3 57 14
3 58 8
3 59 12
3 60 12
3 61 11
3 62 14
3 63 12
3 64 8
3 65 18
3 66 12
3 67 12
3 68 13
3 69 11
3 70 9
3 71 16
3 72 18
3 73 18
3 74 18
3 75 13
3 76 9
3 77 13
3 78 17
3 79 10
3 80 11
3 81 12
3 82 13
3 83 17
3 84 10
3 85 13
3 86 15
3 87 16
3 88 18
3 89 18
3 90 13
3 91 20
3 92 10
3 93 16
3 94 18
3 95 15
3 96 13
3 97 15
3 98 16
3 99 12
4 0 8
4 1 11
4 2 8
4 3 9
4 4 9
4 5 15
4 6 16
4 7 16
4 8 16
4 9 13
4 10 10
4 11 14
4 12 8
4 13 13
4 14 9
4 15 15
4 16 11
4 17 8
4 18 7
4 19 8
4 20 12
4 21 14
4 22 17
4 23 14
4 24 11
4 25 16
4 26 9
4 27 8
4 28 14
4 29 13
4 30 15
4 31 15
4 32 13
4 33 16
4 34 11
4 35 12
4 36 13
4 37 13
4 38 15
4 39 8
4 40 7
4 41 17
4 42 13
4 43 6
4 44 9
4 45 9
4 46 13
4 47 12
4 48 15
4 49 12
4 50 9
4 51 9
4 52 18
4 53 15
4 54 10
4 55 7
4 56 11
4 57 12
4 58 6
4 59 12
4 60 12
4 61 11
4 62 11
4 63 10
4 64 7
4 65 16
4 66 9
4 67 11
4 68 11
4 69 10
4 70 8
4 71 14
4 72 16
4 73 17
4 74 16
4 75 10
4 76 7
4 77 11
4 78 15
4 79 9
4 80 7
4 81 9
4 82 9
4 83 15
4 84 6
4 85 10
4 86 11
4 87 16
4 88 15
4 89 17
4 90 12
4 91 16
4 92 7
4 93 14
4 94 18
4 95 11
4 96 9
4 97 11
4 98 12
4 99 11
5 0 7
5 1 10
5 2 9
5 3 9
5 4 10
5 5 18
5 6 16
5 7 17
5 8 18
5 9 14
5 10 11
5 11 15
5 12 7
5 13 13
5 14 10
5 15 14
5 16 12
5 17 8
5 18 9
5 19 8
5 20 14
5 21 16
5 22 16
5 23 16
5 24 13
5 25 16
5 26 10
5 27 10
5 28 13
5 29 13
5 30 15
5 31 15
5 32 16
5 33 17
5 34 10
5 35 14
5 36 16
5 37 14
5 38 16
5 39 7
5 40 10
5 41 16
5 42 13
5 43 9
5 44 9
5 45 9
5 46 14
5 47 14
5 48 16
5 49 14
5 50 11
5 51 10
5 52 18
5 53 15
5 54 9
5 55 10
5 56 11
5 57 14
5 58 7
5 59 12
5 60 12
5 61 12
5 62 11
5 63 12
5 64 7
5 65 18
5 66 10
5 67 13
5 68 11
5 69 11
5 70 7
5 71 15
5 72 18
5 73 18
5 74 16
5 75 11
5 76 7
5 77 12
5 78 15
5 79 8
5 80 9
5 81 9
5 82 10
5 83 15
5 84 8
5 85 11
5 86 12
5 87 15
5 88 18
5 89 16
5 90 12
5 91 19
5 92 9
5 93 16
5 94 18
5 95 12
5 96 10
5 97 12
5 98 15
5 99 12
6 0 8
6 1 10
6 2 9
6 3 10
6 4 10
6 5 15
6 6 14
6 7 15
6 8 16
6 9 15
6 10 12
6 11 13
6 12 8
6 13 14
6 14 10
6 15 13
6 16 11
6 17 8
6 18 7
6 19 7
6 20 13
6 21 14
6 22 15
6 23 13
6 24 10
6 25 15
6 26 10
6 27 8
6 28 12
6 29 13
6 30 15
6 31 13
6 32 13
6 33 16
6 34 9
6 35 13
6 36 15
6 37 11
6 38 17
6 39 8
6 40 9
6 41 17
6 42 13
6 43 8
6 44 7
6 45 10
6 46 12
6 47 12
6 48 16
6 49 13
6 50 11
6 51 9
6 52 16
6 53 13
6 54 10
6 55 9
6 56 10
6 57 13
6 58 6
6 59 10
6 60 10
6 61 11
6 62 10
6 63 12
6 64 7
6 65 17
6 66 11
6 67 11
6 68 11
6 69 9
6 70 6
6 71 15
6 72 16
6 73 17
6 74 15
6 75 9
6 76 8
6 77 11
6 78 14
6 79 7
6 80 9
6 81 10
6 82 11
6 83 13
6 84 6
6 85 9
6 86 13
6 87 14
6 88 15
6 89 16
6 90 12
6 91 16
6 92 6
6 93 14
6 94 18
6 95 11
6 96 9
6 97 12
6 98 12
6 99 11
7 0 6
7 1 9
7 2 7
7 3 7
7 4 7
7 5 14
7 6 15
7 7 15
7 8 14
7 9 13
7 10 9
7 11 13
7 12 7
7 13 11
7 14 8
7 15 13
7 16 8
7 17 5
7 18 5
7 19 6
7 20 13
7 21 12
7 22 14
7 23 12
7 24 11
7 25 15
7 26 8
7 27 7
7 28 13
7 29 10
7 30 15
7 31 13
7 32 13
7 33 15
7 34 9
7 35 11
7 36 12
7 37 12
7 38 16
7 39 6
7 40 8
7 41 15
7 42 13
7 43 7
7 44 8
7 45 9
7 46 12
7 47 11
7 48 14
7 49 12
7 50 10
7 51 10
7 52 15
7 53 13
7 54 7
7 55 8
7 56 10
7 57 13
7 58 5
7 59 11
7 60 10
7 61 10
7 62 10
7 63 10
7 64 5
7 65 17
7 66 8
7 67 9
7 68 10
7 69 8
7 70 5
7 71 14
7 72 17
7 73 16
7 74 13
7 75 9
7 76 5
7 77 12
7 78 14
7 79 6
7 80 6
7 81 8
7 82 9
7 83 14
7 84 6
7 85 9
7 86 11
7 87 15
7 88 16
7 89 14
7 90 12
7 91 15
7 92 6
7 93 15
7 94 17
7 95 10
7 96 10
7 97 10
7 98 11
7 99 10
8 0 8
8 1 9
8 2 8
8 3 10
8 4 9
8 5 16
8 6 15
8 7 16
8 8 16
8 9 14
8 10 10
8 11 15
8 12 6
8 13 13
8 14 9
8 15 14
8 16 9
8 17 8
8 18 8
8 19 7
8 20 12
8 21 13
8 22 15
8 23 15
8 24 12
8 25 15
8 26 10
8 27 9
8 28 13
8 29 12
8 30 15
8 31 14
8 32 14
8 33 16
8 34 11
8 35 13
8 36 15
8 37 12
8 38 15
8 39 8
8 40 9
8 41 16
8 42 14
8 43 7
8 44 8
8 45 8
8 46 13
8 47 12
8 48 15
8 49 12
8 50 10
8 51 9
8 52 17
8 53 14
8 54 8
8 55 7
8 56 9
8 57 12
8 58 6
8 59 12
8 60 11
8 61 10
8 62 10
8 63 12
8 64 7
8 65 17
8 66 11
8 67 11
8 68 12
8 69 8
8 70 6
8 71 13
8 72 18
8 73 15
8 74 14
8 75 9
8 76 6
8 77 11
8 78 15
8 79 7
8 80 8
8 81 9
8 82 9
8 83 13
8 84 8
8 85 10
8 86 12
8 87 16
8 88 15
8 89 15
8 90 11
8 91 16
8 92 6
8 93 15
8 94 18
8 95 11
8 96 11
8 97 12
8 98 13
8 99 10
9 0 5
9 1 9
9 2 9
9 3 8
9 4 9
9 5 16
9 6 14
9 7 14
9 8 16
9 9 14
9 10 10
9 11 14
9 12 5
9 13 12
9 14 9
9 15 13
9 16 10
9 17 6
9 18 7
9 19 7
9 20 11
9 21 12
9 22 14
9 23 14
9 24 10
9 25 16
9 26 9
9 27 8
9 28 13
9 29 10
9 30 15
9 31 14
9 32 12
9 33 17
9 34 9
9 35 11
9 36 14
9 37 12
9 38 15
9 39 7
9 40 8
9 41 15
9 42 12
9 43 6
9 44 6
9 45 8
9 46 11
9 47 11
9 48 15
9 49 12
9 50 10
9 51 9
9 52 16
9 53 12
9 54 7
9 55 8
9 56 9
9 57 12
9 58 5
9 59 10
9 60 11
9 61 8
9 62 11
9 63 9
9 64 6
9 65 15
9 66 10
9 67 11
9 68 10
9 69 7
9 70 5
9 71 13
9 72 15
9 73 16
9 74 15
9 75 10
9 76 5
9 77 12
9 78 15
9 79 8
9 80 8
9 81 9
9 82 9
9 83 14
9 84 5
9 85 8
9 86 10
9 87 14
9 88 15
9 89 16
9 90 12
9 91 15
9 92 5
9 93 15
9 94 17
9 95 12
9 96 9
9 97 12
9 98 12
9 99 9
