10 100 15 3 2.0 1.0 1.5 95
14 46 8
2 60 12
12 23 13
6 14 14
3 93 14
11 96 12
3 95 11
1 50 11
13 35 6
14 44 12
5 16 5
3 30 8
4 76 14
1 33 9
7 44 9
13 42 12
11 57 10
8 96 9
5 16 13
0 79 15
9 28 14
7 91 9
3 99 12
10 60 8
12 81 6
4 36 5
12 35 8
10 86 6
9 56 9
1 49 13
0 49 11
1 95 15
12 70 15
12 90 5
4 43 14
13 26 8
8 88 15
11 71 13
9 60 9
4 95 14
8 57 7
14 2 14
9 10 11
8 94 10
2 60 5
3 41 13
5 46 14
4 66 12
10 19 11
4 56 10
9 58 11
5 69 12
10 31 13
11 93 8
7 21 7
5 49 12
8 98 10
0 54 15
6 80 5
3 41 15
13 27 10
11 28 7
2 87 11
11 84 12
5 42 12
2 19 15
0 61 15
1 82 6
7 23 8
4 69 10
6 13 12
7 92 6
7 77 15
9 60 10
0 22 15
9 73 12
2 23 10
12 64 9
10 15 12
6 30 8
13 20 11
8 91 13
6 17 11
1 58 15
6 46 11
3 65 14
0 41 7
14 59 8
10 82 10
1 91 5
13 60 7
0 18 12
2 1 9
2 79 8
8 43 11
14 55 15
6 89 5
5 85 15
7 63 12
14 69 10
0 0 0.133567545415
0 1 0.686434108357
0 2 0.672141621097
0 3 0.441923007737
0 4 0.956819975225
0 5 0.553386992914
0 6 0.607023077438
0 7 0.106387707050
0 8 0.797508683427
0 9 0.918286965340
0 10 0.766764263952
0 11 0.634451292584
0 12 0.973301248390
0 13 0.050651932495
0 14 0.682600022592
0 15 0.050654284555
0 16 0.713359664110
0 17 0.052910850153
0 18 0.161112973249
0 19 0.540481054008
0 20 0.451894824784
0 21 0.238138607784
0 22 0.802927706562
0 23 0.183235746634
0 24 0.758718224201
0 25 0.638569126508
0 26 0.946916566174
0 27 0.261920436045
0 28 0.320938721882
0 29 0.469969400512
0 30 0.013912156715
0 31 0.066807816207
0 32 0.387506224398
0 33 0.294059118001
0 34 0.944498686780
0 35 0.181182037477
0 36 0.597037062487
0 37 0.198537035240
0 38 0.664895077060
0 39 0.117737726887
0 40 0.743347447628
0 41 0.042766423381
0 42 0.054206899506
0 43 0.208437053113
0 44 0.821564105346
0 45 0.111289593267
0 46 0.615921037140
0 47 0.628318534532
0 48 0.285641234391
0 49 0.414380825059
0 50 0.393329249277
0 51 0.261776241511
0 52 0.790164363110
0 53 0.434410799535
0 54 0.220715833854
0 55 0.486059514882
0 56 0.949771143469
0 57 0.447958293389
0 58 0.266482739978
0 59 0.752295789078
0 60 0.805971032355
0 61 0.835744355438
0 62 0.782891184935
0 63 0.629785439199
0 64 0.565109656326
0 65 0.284633354815
0 66 0.063778451860
0 67 0.346079546887
0 68 0.402591894733
0 69 0.081477701570
0 70 0.073826809949
0 71 0.097837987245
0 72 0.241224841808
0 73 0.457896116161
0 74 0.887627904080
0 75 0.959331174070
0 76 0.807870620028
0 77 0.135442333195
0 78 0.815463516392
0 79 0.086771074250
0 80 0.598916898901
0 81 0.240074196190
0 82 0.187164617911
0 83 0.951127943790
0 84 0.125538448608
0 85 0.445409032145
0 86 0.043137084877
0 87 0.806510027732
0 88 0.691601268317
0 89 0.082790291948
0 90 0.438580058098
0 91 0.583269552300
0 92 0.950411562661
0 93 0.589764521587
0 94 0.611475305252
0 95 0.579474172254
0 96 0.122617404259
0 97 0.627666531851
0 98 0.024265654709
0 99 0.682773812332
1 0 0.365895042220
1 1 0.727807409298
1 2 0.980033586870
1 3 0.799501331601
1 4 0.413281922007
1 5 0.318823490623
1 6 0.590967312643
1 7 0.031986998630
1 8 0.086150691835
1 9 0.015537214705
1 10 0.980269472609
1 11 0.893319622732
1 12 0.470509649225
1 13 0.147462895198
1 14 0.456277386980
1 15 0.092140400563
1 16 0.042979818197
1 17 0.971379420398
1 18 0.738186113385
1 19 0.238411615314
1 20 0.918252657740
1 21 0.855383909031
1 22 0.400036187313
1 23 0.540947820977
1 24 0.515241593920
1 25 0.446851945707
1 26 0.789403234596
1 27 0.486603773481
1 28 0.698542220859
1 29 0.160214931932
1 30 0.983788465476
1 31 0.751892880706
1 32 0.543595586589
1 33 0.122191698007
1 34 0.284012771032
1 35 0.884201879312
1 36 0.939681941302
1 37 0.122072077831
1 38 0.434089703708
1 39 0.868075840267
1 40 0.224874567621
1 41 0.806791402272
1 42 0.377778469654
1 43 0.291576138775
1 44 0.740307010140
1 45 0.777084451142
1 46 0.700661516403
1 47 0.192176769610
1 48 0.491337842487
1 49 0.454553333686
1 50 0.734385729327
1 51 0.458545190470
1 52 0.677541522655
1 53 0.940719515129
1 54 0.632358339991
1 55 0.950997441314
1 56 0.403738753030
1 57 0.952582753901
1 58 0.583139187358
1 59 0.427091675721
1 60 0.136158794764
1 61 0.147005522742
1 62 0.652941236172
1 63 0.361775806573
1 64 0.154301078404
1 65 0.097162734795
1 66 0.646158715949
1 67 0.862045165742
1 68 0.481899719536
1 69 0.845322081438
1 70 0.071930281131
1 71 0.526166365982
1 72 0.640565673061
1 73 0.339592242805
1 74 0.351123930124
1 75 0.775607397243
1 76 0.508448176706
1 77 0.469848361905
1 78 0.425172969119
1 79 0.703915540167
1 80 0.069073213824
1 81 0.805057768018
1 82 0.681941874161
1 83 0.533488754552
1 84 0.995606802540
1 85 0.166617910366
1 86 0.803348189749
1 87 0.998892149437
1 88 0.445165098556
1 89 0.952006599195
1 90 0.614623596901
1 91 0.003542349481
1 92 0.618237990452
1 93 0.324722496742
1 94 0.466117629622
1 95 0.627542685005
1 96 0.783675356553
1 97 0.442686188665
1 98 0.689663533209
1 99 0.413258934924
2 0 0.829774808496
2 1 0.621795466141
2 2 0.326292586413
2 3 0.260870273755
2 4 0.606665938185
2 5 0.834183599458
2 6 0.687347116796
2 7 0.981705845970
2 8 0.570015927591
2 9 0.908081906706
2 10 0.758867578609
2 11 0.742519414072
2 12 0.587651491236
2 13 0.885210949909
2 14 0.013316165577
2 15 0.957033688507
2 16 0.895819059850
2 17 0.195448018433
2 18 0.841404890380
2 19 0.567474200479
2 20 0.959415010144
2 21 0.361613630398
2 22 0.436664643081
2 23 0.480376252415
2 24 0.717926162950
2 25 0.447208587372
2 26 0.425410433327
2 27 0.331588946361
2 28 0.331029263274
2 29 0.929486768736
2 30 0.636143365920
2 31 0.250092177575
2 32 0.523526568964
2 33 0.991391145833
2 34 0.282607991168
2 35 0.637325957444
2 36 0.757010887328
2 37 0.367941765617
2 38 0.543368652161
2 39 0.228970069849
2 40 0.849361438831
2 41 0.956151529036
2 42 0.392624577493
2 43 0.056162920989
2 44 0.015262659762
2 45 0.586495234493
2 46 0.670132800438
2 47 0.561366082802
2 48 0.596779578592
2 49 0.763504251147
2 50 0.567287396670
2 51 0.882400216003
2 52 0.382146315416
2 53 0.148380759255
2 54 0.385347043544
2 55 0.730997784463
2 56 0.546043139860
2 57 0.446272881870
2 58 0.402996062475
2 59 0.459079865235
2 60 0.133530668798
2 61 0.208047711218
2 62 0.860078533544
2 63 0.121613360877
2 64 0.097770747783
2 65 0.184934081228
2 66 0.657464335713
2 67 0.230431085570
2 68 0.330092047032
2 69 0.827554253972
2 70 0.409311426086
2 71 0.905186344653
2 72 0.697273356365
2 73 0.056670077650
2 74 0.157553771712
2 75 0.483974974888
2 76 0.521762246124
2 77 0.387418202904
2 78 0.565249410588
2 79 0.974504481901
2 80 0.694266855044
2 81 0.151572736502
2 82 0.337416585340
2 83 0.643862843034
2 84 0.037639103778
2 85 0.514897031718
2 86 0.062138622333
2 87 0.051146391519
2 88 0.651512929323
2 89 0.218478919507
2 90 0.903205842700
2 91 0.678789696375
2 92 0.099072508976
2 93 0.648450459240
2 94 0.389171604160
2 95 0.458261094502
2 96 0.342534838923
2 97 0.837436839899
2 98 0.266089221101
2 99 0.873451159577
3 0 0.937028578836
3 1 0.964727069826
3 2 0.106534229554
3 3 0.217787752173
3 4 0.638218590416
3 5 0.358611687926
3 6 0.287500195412
3 7 0.651643463993
3 8 0.502336220044
3 9 0.170530283234
3 10 0.887724898331
3 11 0.545847500641
3 12 0.174932609575
3 13 0.009532588061
3 14 0.013347642547
3 15 0.569271859813
3 16 0.136964521451
3 17 0.147094188353
3 18 0.190652623228
3 19 0.268953866855
3 20 0.745474391387
3 21 0.201064782869
3 22 0.204218989483
3 23 0.454233455401
3 24 0.580241176531
3 25 0.447653417750
3 26 0.095667146402
3 27 0.334551937064
3 28 0.460663461051
3 29 0.196480358511
3 30 0.066360670339
3 31 0.421599566826
3 32 0.834203756740
3 33 0.586833109993
3 34 0.679417716689
3 35 0.853920231273
3 36 0.682780374451
3 37 0.817923351811
3 38 0.506477894383
3 39 0.688679115017
3 40 0.329702265157
3 41 0.158535446147
3 42 0.984823425210
3 43 0.660114726613
3 44 0.943396764555
3 45 0.181651199914
3 46 0.007500974501
3 47 0.515686317110
3 48 0.695078470344
3 49 0.351073600113
3 50 0.551769854438
3 51 0.060116322784
3 52 0.987725355585
3 53 0.716460276618
3 54 0.947131968346
3 55 0.713688438632
3 56 0.871457292306
3 57 0.287991864542
3 58 0.999048291878
3 59 0.814057511272
3 60 0.197887355942
3 61 0.320852461211
3 62 0.897652859233
3 63 0.481864365079
3 64 0.251245905554
3 65 0.624010149008
3 66 0.607132921554
3 67 0.837800473794
3 68 0.960682399840
3 69 0.797103273299
3 70 0.920700403281
3 71 0.795487263928
3 72 0.230655749456
3 73 0.119790545350
3 74 0.528839170791
3 75 0.318339906521
3 76 0.654885794049
3 77 0.894377627910
3 78 0.519923491373
3 79 0.103952003600
3 80 0.846217946001
3 81 0.567008081112
3 82 0.368660609359
3 83 0.632329657400
3 84 0.373725924287
3 85 0.005140654006
3 86 0.755600364734
3 87 0.149979483959
3 88 0.238725059170
3 89 0.509790061863
3 90 0.427509459620
3 91 0.766530469083
3 92 0.621574870622
3 93 0.249013824872
3 94 0.195997915428
3 95 0.251293900899
3 96 0.549492929478
3 97 0.788615956102
3 98 0.013722549262
3 99 0.211894411189
4 0 0.020789737100
4 1 0.570701955371
4 2 0.436055545818
4 3 0.959641398786
4 4 0.270853181765
4 5 0.298511065420
4 6 0.721308280838
4 7 0.249702624926
4 8 0.635640590431
4 9 0.317164857222
4 10 0.807334679389
4 11 0.883995830336
4 12 0.670549702022
4 13 0.824653750282
4 14 0.463350770992
4 15 0.685367122916
4 16 0.922153655101
4 17 0.206551730268
4 18 0.172835597192
4 19 0.375684671929
4 20 0.995563654195
4 21 0.568496499600
4 22 0.507422565448
4 23 0.720445194216
4 24 0.698927145428
4 25 0.336149512892
4 26 0.793228603894
4 27 0.538936592406
4 28 0.798595084873
4 29 0.730949124574
4 30 0.895928737890
4 31 0.715321602113
4 32 0.649384725763
4 33 0.453533596463
4 34 0.065519917077
4 35 0.659951985712
4 36 0.128911303877
4 37 0.103972095916
4 38 0.114824428431
4 39 0.811664006269
4 40 0.654609904265
4 41 0.400380491643
4 42 0.441602659890
4 43 0.349557964526
4 44 0.278155411763
4 45 0.096825438499
4 46 0.541646430051
4 47 0.260205231408
4 48 0.146970214441
4 49 0.538130303711
4 50 0.981204641644
4 51 0.602038325524
4 52 0.036937083941
4 53 0.076786102069
4 54 0.472004609285
4 55 0.090741593728
4 56 0.211672750036
4 57 0.993471523576
4 58 0.360755737718
4 59 0.044442582928
4 60 0.539758777495
4 61 0.752269954758
4 62 0.712867109974
4 63 0.479277828480
4 64 0.420098776145
4 65 0.028308412350
4 66 0.502226561834
4 67 0.784237484542
4 68 0.566897895726
4 69 0.160872213405
4 70 0.224276703640
4 71 0.030050678151
4 72 0.922502576181
4 73 0.122851828261
4 74 0.998462391648
4 75 0.954051123094
4 76 0.289348138344
4 77 0.723307320527
4 78 0.239250464749
4 79 0.199266082859
4 80 0.953517513194
4 81 0.468727797431
4 82 0.418742903064
4 83 0.068427664947
4 84 0.802959738364
4 85 0.172015199798
4 86 0.177011374795
4 87 0.970569733759
4 88 0.117382742783
4 89 0.711623977926
4 90 0.590741669268
4 91 0.573123905126
4 92 0.310452318522
4 93 0.879822648516
4 94 0.324835345513
4 95 0.361161172856
4 96 0.318315752182
4 97 0.387084215018
4 98 0.876238300829
4 99 0.398732507852
5 0 0.536867014901
5 1 0.168352011869
5 2 0.680277276581
5 3 0.980866016832
5 4 0.247561253368
5 5 0.273463935919
5 6 0.492778235436
5 7 0.569876783881
5 8 0.763587459290
5 9 0.713382132928
5 10 0.951270237537
5 11 0.631863613043
5 12 0.586860679065
5 13 0.129437354165
5 14 0.940214117977
5 15 0.881410857005
5 16 0.739756116265
5 17 0.556668255672
5 18 0.094149962307
5 19 0.353720437984
5 20 0.069782565650
5 21 0.601633398952
5 22 0.919796845663
5 23 0.921071765257
5 24 0.343015278637
5 25 0.752506402360
5 26 0.855987974104
5 27 0.680454458817
5 28 0.758365365856
5 29 0.001737165664
5 30 0.924737292224
5 31 0.450583487306
5 32 0.457092516421
5 33 0.366035065825
5 34 0.953493320134
5 35 0.882335824115
5 36 0.926402656972
5 37 0.414778000963
5 38 0.166627092510
5 39 0.152838335049
5 40 0.811707680679
5 41 0.238544059987
5 42 0.059419010983
5 43 0.690922690124
5 44 0.829752802803
5 45 0.513667230110
5 46 0.553008620419
5 47 0.441968969158
5 48 0.774474930410
5 49 0.930686049541
5 50 0.118869228808
5 51 0.436383201079
5 52 0.359640290900
5 53 0.862345011995
5 54 0.693776762286
5 55 0.394170437468
5 56 0.899283747715
5 57 0.554740376294
5 58 0.489790936469
5 59 0.971508884077
5 60 0.679879471163
5 61 0.693312053390
5 62 0.179320980030
5 63 0.514277217539
5 64 0.402654675375
5 65 0.737217006610
5 66 0.344310786201
5 67 0.763002734268
5 68 0.762543195898
5 69 0.552437108727
5 70 0.912515187019
5 71 0.403951161809
5 72 0.308623567985
5 73 0.497470011848
5 74 0.033734214475
5 75 0.258239841475
5 76 0.348284620740
5 77 0.211817271917
5 78 0.618376102811
5 79 0.273186929869
5 80 0.659470634453
5 81 0.842032249781
5 82 0.400809963087
5 83 0.011017921196
5 84 0.863896329306
5 85 0.830173311665
5 86 0.988528199615
5 87 0.184652104258
5 88 0.507348229764
5 89 0.877321454967
5 90 0.348777917121
5 91 0.591940201592
5 92 0.209688313839
5 93 0.194620541969
5 94 0.167170133769
5 95 0.442553932214
5 96 0.730762552399
5 97 0.878470519246
5 98 0.359107502172
5 99 0.119430930337
6 0 0.724236237342
6 1 0.448694317691
6 2 0.149559017914
6 3 0.447756729858
6 4 0.170961823991
6 5 0.344350707554
6 6 0.781072605139
6 7 0.977017459465
6 8 0.714733016736
6 9 0.439543535516
6 10 0.955846978195
6 11 0.769441396985
6 12 0.679754754067
6 13 0.817538705032
6 14 0.449153346912
6 15 0.026951862690
6 16 0.728749298583
6 17 0.656285481877
6 18 0.709124826261
6 19 0.149403880866
6 20 0.543863056003
6 21 0.633493381645
6 22 0.976811925426
6 23 0.203825238075
6 24 0.303889629153
6 25 0.803929127568
6 26 0.577583717875
6 27 0.256751081041
6 28 0.401822391183
6 29 0.135288730845
6 30 0.876819058056
6 31 0.283080946093
6 32 0.005212891890
6 33 0.106744396469
6 34 0.648596236603
6 35 0.424652206452
6 36 0.793626518736
6 37 0.362475993067
6 38 0.774316034618
6 39 0.495987053790
6 40 0.533931503131
6 41 0.507486909557
6 42 0.934715677137
6 43 0.510381953454
6 44 0.776598420370
6 45 0.841419908377
6 46 0.277485033666
6 47 0.006067033220
6 48 0.548031988638
6 49 0.556172631788
6 50 0.595814353618
6 51 0.201475460494
6 52 0.704864281055
6 53 0.809120706739
6 54 0.157545065635
6 55 0.731391456801
6 56 0.788940590045
6 57 0.556133058456
6 58 0.554931585489
6 59 0.893778709421
6 60 0.612334073613
6 61 0.822051273467
6 62 0.357912979526
6 63 0.951106494961
6 64 0.210699832647
6 65 0.787456337569
6 66 0.562591933095
6 67 0.611718153958
6 68 0.683286580961
6 69 0.545354318583
6 70 0.841074710520
6 71 0.807190874728
6 72 0.787340570718
6 73 0.272523340022
6 74 0.516477363495
6 75 0.052971245738
6 76 0.995878636004
6 77 0.434086981188
6 78 0.507997544198
6 79 0.791659264983
6 80 0.936480082277
6 81 0.771272767383
6 82 0.385267697683
6 83 0.586480653531
6 84 0.464518748318
6 85 0.669212533486
6 86 0.896443623296
6 87 0.588161714514
6 88 0.967042094765
6 89 0.803610779366
6 90 0.455870685082
6 91 0.511999662845
6 92 0.165225490130
6 93 0.332813272944
6 94 0.905201549850
6 95 0.547123423206
6 96 0.354493793982
6 97 0.707549287740
6 98 0.903733271867
6 99 0.382219901751
7 0 0.932183142097
7 1 0.226638184269
7 2 0.284127896106
7 3 0.393788833929
7 4 0.271120308257
7 5 0.867461045194
7 6 0.951803386518
7 7 0.646967787064
7 8 0.788525701865
7 9 0.832678603751
7 10 0.682054224143
7 11 0.440004447982
7 12 0.325647481228
7 13 0.617067994284
7 14 0.889478600835
7 15 0.150835832639
7 16 0.622176906092
7 17 0.493400644847
7 18 0.924367133948
7 19 0.268421805819
7 20 0.847850199986
7 21 0.702938465383
7 22 0.622129625088
7 23 0.305114120509
7 24 0.190406416999
7 25 0.767592999011
7 26 0.170950602228
7 27 0.996278908191
7 28 0.590309295252
7 29 0.568152437455
7 30 0.307118375731
7 31 0.290411020252
7 32 0.282887878972
7 33 0.086219384548
7 34 0.459187335562
7 35 0.047415106677
7 36 0.782733448609
7 37 0.951902710884
7 38 0.661490919855
7 39 0.876388369861
7 40 0.886057349196
7 41 0.618627114540
7 42 0.455914473419
7 43 0.091370350475
7 44 0.406656484071
7 45 0.543414214424
7 46 0.539573227282
7 47 0.828111575617
7 48 0.986245940886
7 49 0.766503191850
7 50 0.418123535425
7 51 0.596651751104
7 52 0.401525271578
7 53 0.226556239213
7 54 0.379501911700
7 55 0.434659033351
7 56 0.760771074902
7 57 0.122308560218
7 58 0.156083958692
7 59 0.843167375707
7 60 0.380961994111
7 61 0.924903179480
7 62 0.627418923799
7 63 0.045206174265
7 64 0.136946639144
7 65 0.017570453052
7 66 0.806510561289
7 67 0.319891038579
7 68 0.901672584895
7 69 0.724172327824
7 70 0.562399599829
7 71 0.626166453535
7 72 0.454352868631
7 73 0.021326645006
7 74 0.869518722387
7 75 0.985891952677
7 76 0.198553524815
7 77 0.989262382194
7 78 0.733973937074
7 79 0.835149825085
7 80 0.394543992524
7 81 0.627410751612
7 82 0.331304937663
7 83 0.800147023871
7 84 0.266918398552
7 85 0.349696613615
7 86 0.900577475864
7 87 0.875840837417
7 88 0.299854302796
7 89 0.366900478648
7 90 0.909221129826
7 91 0.784150604144
7 92 0.072941006986
7 93 0.221843826767
7 94 0.612352706395
7 95 0.707366179596
7 96 0.438647618079
7 97 0.809886348230
7 98 0.644830736608
7 99 0.052092935996
8 0 0.710500067777
8 1 0.584192739371
8 2 0.185985409096
8 3 0.328333170984
8 4 0.332743027333
8 5 0.583310924304
8 6 0.181296962304
8 7 0.638081686370
8 8 0.209040273658
8 9 0.537844892994
8 10 0.545968956434
8 11 0.191298580290
8 12 0.612957201630
8 13 0.006087843042
8 14 0.498921657161
8 15 0.140607953861
8 16 0.192063207813
8 17 0.997067189233
8 18 0.999768899001
8 19 0.783683637029
8 20 0.010337631947
8 21 0.281534627877
8 22 0.095430989285
8 23 0.749152915035
8 24 0.460111991072
8 25 0.506918669927
8 26 0.631081623786
8 27 0.484488391827
8 28 0.823628661405
8 29 0.295383390276
8 30 0.120989780143
8 31 0.536811814659
8 32 0.771370728502
8 33 0.395768361129
8 34 0.166810438472
8 35 0.242625155958
8 36 0.661399769984
8 37 0.510974894525
8 38 0.704650942750
8 39 0.869562275167
8 40 0.574326745018
8 41 0.981906036277
8 42 0.400021298970
8 43 0.072011403296
8 44 0.629821334579
8 45 0.459203134749
8 46 0.045438108843
8 47 0.192579330608
8 48 0.367819613090
8 49 0.251157906081
8 50 0.667635362192
8 51 0.465057604728
8 52 0.010159300264
8 53 0.591718044983
8 54 0.605828581994
8 55 0.101809590485
8 56 0.272792988693
8 57 0.806439079871
8 58 0.110630345465
8 59 0.606893998391
8 60 0.404758810254
8 61 0.251153990020
8 62 0.749474013227
8 63 0.766993600631
8 64 0.174235378014
8 65 0.317767824580
8 66 0.719824581644
8 67 0.482762299742
8 68 0.818004047754
8 69 0.679670366594
8 70 0.716989171808
8 71 0.603195787862
8 72 0.823630385711
8 73 0.492011970224
8 74 0.783114930091
8 75 0.501849278728
8 76 0.079943273191
8 77 0.575843983192
8 78 0.431128093011
8 79 0.760767625434
8 80 0.450733451987
8 81 0.536869859853
8 82 0.003241394659
8 83 0.080693620629
8 84 0.338767204607
8 85 0.054724356784
8 86 0.725393414503
8 87 0.733314278732
8 88 0.359455756613
8 89 0.167712573152
8 90 0.618282507052
8 91 0.664664411565
8 92 0.069668640177
8 93 0.113760727865
8 94 0.976258117671
8 95 0.119367662426
8 96 0.501829612433
8 97 0.081471280595
8 98 0.829354984037
8 99 0.833331163078
9 0 0.031926285678
9 1 0.752081609352
9 2 0.795210033664
9 3 0.375180694206
9 4 0.000063559767
9 5 0.302214440933
9 6 0.713898212936
9 7 0.991411417702
9 8 0.622498312251
9 9 0.148186237276
9 10 0.740989778573
9 11 0.762487292941
9 12 0.379800541680
9 13 0.000580087179
9 14 0.640772850084
9 15 0.297924256885
9 16 0.600440794691
9 17 0.643708632319
9 18 0.003549204236
9 19 0.744270539580
9 20 0.777840007814
9 21 0.969118829860
9 22 0.200348711962
9 23 0.336972588998
9 24 0.005020924214
9 25 0.397500691934
9 26 0.309617417144
9 27 0.980636944283
9 28 0.448766150337
9 29 0.724580182297
9 30 0.073453838539
9 31 0.712665175049
9 32 0.694817452821
9 33 0.736412857922
9 34 0.634194157793
9 35 0.282456910552
9 36 0.338479235515
9 37 0.961943235882
9 38 0.204543610054
9 39 0.232975809979
9 40 0.139227309027
9 41 0.123852446432
9 42 0.060370872671
9 43 0.562610959078
9 44 0.797808605233
9 45 0.081690508797
9 46 0.199206859928
9 47 0.982989257322
9 48 0.483816747171
9 49 0.442144522210
9 50 0.646235300693
9 51 0.420417966466
9 52 0.945079389203
9 53 0.298456544032
9 54 0.278862668229
9 55 0.340147264634
9 56 0.640746396975
9 57 0.642289145928
9 58 0.399998806350
9 59 0.217245914584
9 60 0.677003098908
9 61 0.103209984840
9 62 0.377376437993
9 63 0.545515596381
9 64 0.938909444596
9 65 0.826083912252
9 66 0.219980364715
9 67 0.885216857698
9 68 0.092176069787
9 69 0.583564980417
9 70 0.270174361796
9 71 0.172582153259
9 72 0.618991189681
9 73 0.888555265174
9 74 0.222870786546
9 75 0.875897994055
9 76 0.828186832585
9 77 0.490644962146
9 78 0.548010721300
9 79 0.366621813813
9 80 0.522359158888
9 81 0.083295396549
9 82 0.043391411127
9 83 0.703478852784
9 84 0.985276934267
9 85 0.193777846371
9 86 0.825328275523
9 87 0.628163026058
9 88 0.263631229641
9 89 0.885271948517
9 90 0.600853890162
9 91 0.835659172295
9 92 0.705104791013
9 93 0.572148971122
9 94 0.708957142667
9 95 0.283427561239
9 96 0.235153714899
9 97 0.301118345621
9 98 0.978659497451
9 99 0.165646975861
0 0 9
0 1 12
0 2 14
0 3 15
0 4 15
0 5 14
0 6 11
0 7 13
0 8 8
0 9 13
0 10 5
0 11 10
0 12 14
0 13 11
0 14 11
0 15 14
0 16 11
0 17 9
0 18 15
0 19 15
0 20 14
0 21 11
0 22 12
0 23 9
0 24 8
0 25 5
0 26 10
0 27 7
0 28 11
0 29 13
0 30 11
0 31 15
0 32 16
0 33 6
0 34 14
0 35 8
0 36 16
0 37 13
0 38 9
0 39 16
0 40 7
0 41 14
0 42 11
0 43 11
0 44 6
0 45 14
0 46 16
0 47 12
0 48 13
0 49 11
0 50 13
0 51 14
0 52 14
0 53 9
0 54 9
0 55 13
0 56 12
0 57 16
0 58 7
0 59 17
0 60 12
0 61 9
0 62 12
0 63 13
0 64 13
0 65 15
0 66 16
0 67 7
0 68 8
0 69 10
0 70 13
0 71 7
0 72 17
0 73 10
0 74 15
0 75 12
0 76 10
0 77 9
0 78 13
0 79 10
0 80 13
0 81 13
0 82 13
0 83 17
0 84 12
0 85 14
0 86 7
0 87 10
0 88 11
0 89 7
0 90 8
0 91 13
0 92 11
0 93 9
0 94 13
0 95 16
0 96 6
0 97 15
0 98 14
0 99 11
1 0 9
1 1 13
1 2 15
1 3 15
1 4 15
1 5 13
1 6 14
1 7 12
1 8 7
1 9 15
1 10 6
1 11 11
1 12 15
1 13 11
1 14 10
1 15 15
1 16 12
1 17 12
1 18 15
1 19 16
1 20 16
1 21 12
1 22 15
1 23 11
1 24 8
1 25 6
1 26 11
1 27 8
1 28 10
1 29 16
1 30 13
1 31 17
1 32 16
1 33 6
1 34 16
1 35 11
1 36 17
1 37 16
1 38 11
1 39 15
1 40 10
1 41 15
1 42 12
1 43 13
1 44 7
1 45 14
1 46 17
1 47 15
1 48 12
1 49 12
1 50 14
1 51 13
1 52 16
1 53 9
1 54 9
1 55 13
1 56 13
1 57 16
1 58 8
1 59 16
1 60 12
1 61 9
1 62 14
1 63 13
1 64 14
1 65 18
1 66 16
1 67 7
1 68 10
1 69 12
1 70 15
1 71 7
1 72 16
1 73 11
1 74 17
1 75 13
1 76 12
1 77 11
1 78 15
1 79 9
1 80 13
1 81 15
1 82 12
1 83 18
1 84 13
1 85 15
1 86 9
1 87 9
1 88 12
1 89 8
1 90 8
1 91 13
1 92 11
1 93 9
1 94 13
1 95 16
1 96 6
1 97 18
1 98 14
1 99 13
2 0 10
2 1 13
2 2 13
2 3 16
2 4 16
2 5 14
2 6 11
2 7 12
2 8 6
2 9 12
2 10 7
2 11 9
2 12 16
2 13 10
2 14 11
2 15 14
2 16 11
2 17 10
2 18 13
2 19 15
2 20 16
2 21 11
2 22 13
2 23 9
2 24 6
2 25 6
2 26 10
2 27 7
2 28 11
2 29 15
2 30 11
2 31 15
2 32 16
2 33 7
2 34 14
2 35 8
2 36 15
2 37 14
2 38 10
2 39 15
2 40 8
2 41 14
2 42 13
2 43 10
2 44 7
2 45 15
2 46 14
2 47 12
2 48 13
2 49 10
2 50 13
2 51 12
2 52 15
2 53 9
2 54 7
2 55 13
2 56 12
2 57 15
2 58 6
2 59 17
2 60 12
2 61 9
2 62 11
2 63 14
2 64 12
2 65 16
2 66 16
2 67 6
2 68 9
2 69 12
2 70 14
2 71 7
2 72 16
2 73 10
2 74 16
2 75 14
2 76 12
2 77 10
2 78 14
2 79 8
2 80 11
2 81 13
2 82 13
2 83 17
2 84 11
2 85 15
2 86 8
2 87 8
2 88 10
2 89 7
2 90 9
2 91 13
2 92 10
2 93 8
2 94 13
2 95 16
2 96 6
2 97 17
2 98 12
2 99 10
3 0 10
3 1 16
3 2 17
3 3 16
3 4 18
3 5 15
3 6 14
3 7 15
3 8 10
3 9 14
3 10 8
3 11 12
3 12 16
3 13 12
3 14 12
3 15 15
3 16 14
3 17 13
3 18 17
3 19 19
3 20 18
3 21 11
3 22 15
3 23 12
3 24 10
3 25 9
3 26 12
3 27 8
3 28 13
3 29 17
3 30 13
3 31 18
3 32 17
3 33 8
3 34 16
3 35 10
3 36 19
3 37 16
3 38 12
3 39 18
3 40 10
3 41 16
3 42 15
3 43 14
3 44 7
3 45 16
3 46 17
3 47 15
3 48 15
3 49 12
3 50 15
3 51 16
3 52 17
3 53 11
3 54 10
3 55 14
3 56 12
3 57 19
3 58 8
3 59 17
3 60 13
3 61 10
3 62 14
3 63 14
3 64 15
3 65 19
3 66 18
3 67 10
3 68 10
3 69 13
3 70 16
3 71 8
3 72 19
3 73 13
3 74 17
3 75 14
3 76 12
3 77 13
3 78 15
3 79 10
3 80 15
3 81 17
3 82 13
3 83 18
3 84 14
3 85 17
3 86 9
3 87 11
3 88 14
3 89 7
3 90 11
3 91 16
3 92 12
3 93 12
3 94 15
3 95 17
3 96 7
3 97 17
3 98 15
3 99 12
4 0 8
4 1 14
4 2 15
4 3 16
4 4 15
4 5 12
4 6 11
4 7 13
4 8 6
4 9 12
4 10 7
4 11 8
4 12 15
4 13 10
4 14 9
4 15 12
4 16 12
4 17 10
4 18 15
4 19 15
4 20 14
4 21 10
4 22 12
4 23 9
4 24 6
4 25 6
4 26 8
4 27 7
4 28 10
4 29 15
4 30 13
4 31 17
4 32 16
4 33 7
4 34 14
4 35 10
4 36 16
4 37 13
4 38 9
4 39 16
4 40 7
4 41 15
4 42 11
4 43 11
4 44 7
4 45 13
4 46 16
4 47 13
4 48 11
4 49 12
4 50 11
4 51 12
4 52 14
4 53 8
4 54 8
4 55 12
4 56 12
4 57 15
4 58 5
4 59 17
4 60 12
4 61 9
4 62 11
4 63 12
4 64 14
4 65 16
4 66 16
4 67 8
4 68 9
4 69 10
4 70 14
4 71 6
4 72 16
4 73 10
4 74 15
4 75 12
4 76 12
4 77 10
4 78 12
4 79 8
4 80 13
4 81 14
4 82 12
4 83 17
4 84 13
4 85 16
4 86 7
4 87 10
4 88 12
4 89 7
4 90 9
4 91 14
4 92 11
4 93 9
4 94 11
4 95 16
4 96 6
4 97 17
4 98 14
4 99 11
5 0 9
5 1 14
5 2 16
5 3 16
5 4 16
5 5 15
5 6 14
5 7 12
5 8 7
5 9 14
5 10 7
5 11 11
5 12 16
5 13 10
5 14 12
5 15 14
5 16 11
5 17 10
5 18 16
5 19 18
5 20 16
5 21 11
5 22 13
5 23 11
5 24 7
5 25 7
5 26 10
5 27 9
5 28 12
5 29 14
5 30 13
5 31 16
5 32 16
5 33 8
5 34 15
5 35 9
5 36 16
5 37 16
5 38 10
5 39 17
5 40 9
5 41 16
5 42 12
5 43 12
5 44 6
5 45 14
5 46 15
5 47 13
5 48 13
5 49 13
5 50 14
5 51 15
5 52 15
5 53 10
5 54 10
5 55 15
5 56 13
5 57 18
5 58 6
5 59 17
5 60 13
5 61 9
5 62 13
5 63 15
5 64 13
5 65 17
5 66 17
5 67 9
5 68 11
5 69 11
5 70 15
5 71 7
5 72 17
5 73 13
5 74 16
5 75 14
5 76 11
5 77 11
5 78 14
5 79 11
5 80 13
5 81 14
5 82 14
5 83 18
5 84 13
5 85 17
5 86 9
5 87 9
5 88 13
5 89 6
5 90 10
5 91 13
5 92 11
5 93 10
5 94 13
5 95 16
5 96 6
5 97 16
5 98 13
5 99 12
6 0 11
6 1 15
6 2 16
6 3 15
6 4 15
6 5 14
6 6 12
6 7 14
6 8 7
6 9 13
6 10 6
6 11 9
6 12 16
6 13 11
6 14 11
6 15 15
6 16 11
6 17 10
6 18 15
6 19 17
6 20 15
6 21 11
6 22 14
6 23 11
6 24 9
6 25 6
6 26 11
6 27 9
6 28 11
6 29 14
6 30 12
6 31 16
6 32 17
6 33 6
6 34 16
6 35 11
6 36 17
6 37 14
6 38 10
6 39 16
6 40 10
6 41 15
6 42 12
6 43 12
6 44 8
6 45 14
6 46 16
6 47 13
6 48 14
6 49 13
6 50 14
6 51 13
6 52 16
6 53 10
6 54 8
6 55 14
6 56 11
6 57 16
6 58 6
6 59 18
6 60 13
6 61 9
6 62 14
6 63 15
6 64 14
6 65 17
6 66 17
6 67 8
6 68 11
6 69 12
6 70 13
6 71 7
6 72 18
6 73 13
6 74 17
6 75 15
6 76 12
6 77 10
6 78 15
6 79 10
6 80 13
6 81 15
6 82 13
6 83 18
6 84 14
6 85 17
6 86 8
6 87 11
6 88 11
6 89 6
6 90 8
6 91 15
6 92 11
6 93 10
6 94 13
6 95 17
6 96 7
6 97 17
6 98 13
6 99 11
7 0 8
7 1 12
7 2 13
7 3 16
7 4 16
7 5 14
7 6 12
7 7 13
7 8 7
7 9 12
7 10 6
7 11 8
7 12 14
7 13 9
7 14 10
7 15 14
7 16 12
7 17 11
7 18 15
7 19 16
7 20 14
7 21 10
7 22 13
7 23 9
7 24 6
7 25 5
7 26 9
7 27 7
7 28 9
7 29 14
7 30 12
7 31 17
7 32 17
7 33 7
7 34 15
7 35 10
7 36 16
7 37 15
7 38 11
7 39 15
7 40 7
7 41 15
7 42 11
7 43 11
7 44 7
7 45 14
7 46 16
7 47 14
7 48 13
7 49 12
7 50 12
7 51 14
7 52 14
7 53 9
7 54 8
7 55 14
7 56 10
7 57 15
7 58 6
7 59 15
7 60 12
7 61 9
7 62 12
7 63 13
7 64 14
7 65 17
7 66 17
7 67 8
7 68 10
7 69 12
7 70 14
7 71 7
7 72 15
7 73 12
7 74 17
7 75 12
7 76 12
7 77 9
7 78 13
7 79 10
7 80 13
7 81 13
7 82 11
7 83 16
7 84 12
7 85 15
7 86 7
7 87 10
7 88 11
7 89 7
7 90 8
7 91 14
7 92 10
7 93 9
7 94 12
7 95 17
7 96 7
7 97 16
7 98 12
7 99 10
8 0 9
8 1 15
8 2 15
8 3 17
8 4 15
8 5 13
8 6 12
8 7 14
8 8 7
8 9 15
8 10 6
8 11 10
8 12 15
8 13 11
8 14 10
8 15 15
8 16 11
8 17 10
8 18 16
8 19 16
8 20 15
8 21 11
8 22 14
8 23 11
8 24 7
8 25 7
8 26 11
8 27 7
8 28 11
8 29 14
8 30 14
8 31 17
8 32 18
8 33 8
8 34 17
8 35 10
8 36 17
8 37 16
8 38 10
8 39 17
8 40 9
8 41 15
8 42 14
8 43 11
8 44 7
8 45 16
8 46 15
8 47 14
8 48 12
8 49 13
8 50 12
8 51 13
8 52 16
8 53 9
8 54 8
8 55 14
8 56 13
8 57 16
8 58 6
8 59 16
8 60 11
8 61 10
8 62 12
8 63 14
8 64 13
8 65 16
8 66 17
8 67 8
8 68 9
8 69 13
8 70 15
8 71 9
8 72 17
8 73 13
8 74 17
8 75 15
8 76 11
8 77 11
8 78 13
8 79 11
8 80 12
8 81 15
8 82 13
8 83 17
8 84 13
8 85 16
8 86 8
8 87 9
8 88 11
8 89 7
8 90 8
8 91 13
8 92 12
8 93 9
8 94 12
8 95 17
8 96 8
8 97 17
8 98 13
8 99 12
9 0 10
9 1 16
9 2 17
9 3 17
9 4 18
9 5 14
9 6 14
9 7 15
9 8 10
9 9 15
9 10 9
9 11 12
9 12 17
9 13 11
9 14 11
9 15 14
9 16 13
9 17 11
9 18 15
9 19 18
9 20 17
9 21 13
9 22 15
9 23 11
9 24 8
9 25 9
9 26 10
9 27 9
9 28 11
9 29 15
9 30 14
9 31 19
9 32 19
9 33 9
9 34 16
9 35 11
9 36 17
9 37 17
9 38 12
9 39 17
9 40 9
9 41 18
9 42 14
9 43 14
9 44 7
9 45 16
9 46 16
9 47 15
9 48 13
9 49 13
9 50 14
9 51 16
9 52 15
9 53 10
9 54 11
9 55 16
9 56 12
9 57 19
9 58 7
9 59 17
9 60 14
9 61 11
9 62 14
9 63 16
9 64 14
9 65 18
9 66 18
9 67 10
9 68 12
9 69 13
9 70 14
9 71 10
9 72 19
9 73 13
9 74 17
9 75 15
9 76 14
9 77 11
9 78 15
9 79 11
9 80 14
9 81 15
9 82 14
9 83 18
9 84 14
9 85 17
9 86 11
9 87 12
9 88 13
9 89 7
9 90 9
9 91 15
9 92 12
9 93 10
9 94 15
9 95 19
9 96 7
9 97 19
9 98 16
9 99 14
