20 20 10 1 2.0 1.0 1.5 95
4 20 5
1 49 8
1 91 7
0 90 7
5 57 7
4 44 14
8 81 13
0 36 13
6 69 14
7 23 12
2 88 9
9 65 12
5 87 5
6 57 11
3 96 7
7 30 12
2 60 8
9 92 5
3 2 5
8 49 5
0 0 0.521503209340
0 1 0.665402100248
0 2 0.915790361561
0 3 0.331619796085
0 4 0.858208076289
0 5 0.319785051353
0 6 0.026296303478
0 7 0.062542573791
0 8 0.140255836815
0 9 0.365115929148
0 10 0.766534549626
0 11 0.009459746000
0 12 0.259255422875
0 13 0.081710866462
0 14 0.270372617705
0 15 0.087421536521
0 16 0.199257362441
0 17 0.045095724596
0 18 0.484132533515
0 19 0.746574486683
1 0 0.348613732239
1 1 0.460393346538
1 2 0.926807872067
1 3 0.732701724749
1 4 0.782322420232
1 5 0.363115773409
1 6 0.319005637291
1 7 0.307972716044
1 8 0.462961043720
1 9 0.659752011690
1 10 0.919242769502
1 11 0.343237034030
1 12 0.811099086009
1 13 0.466440377753
1 14 0.775861669385
1 15 0.022995538978
1 16 0.862958090135
1 17 0.520674031177
1 18 0.955914783468
1 19 0.851750570385
2 0 0.725538232772
2 1 0.837565942086
2 2 0.053820771931
2 3 0.944559064316
2 4 0.644555991374
2 5 0.159299373392
2 6 0.200131626327
2 7 0.362688391537
2 8 0.567088621256
2 9 0.059739896842
2 10 0.659205295153
2 11 0.093319090472
2 12 0.459169192928
2 13 0.815873617819
2 14 0.064752418178
2 15 0.114245927707
2 16 0.761078785190
2 17 0.675582261614
2 18 0.254815426160
2 19 0.454582023745
3 0 0.389400576794
3 1 0.962953777668
3 2 0.623728469064
3 3 0.178366069863
3 4 0.227399848955
3 5 0.426674699742
3 6 0.410664997769
3 7 0.994522042427
3 8 0.339627720744
3 9 0.210782971818
3 10 0.742934149954
3 11 0.771550485718
3 12 0.861305643167
3 13 0.819750247488
3 14 0.247393321318
3 15 0.119243884050
3 16 0.376344352092
3 17 0.708323581508
3 18 0.462295135471
3 19 0.696974280033
4 0 0.945516695430
4 1 0.251088448761
4 2 0.660321814204
4 3 0.287552851656
4 4 0.436186421101
4 5 0.724229156545
4 6 0.722702554537
4 7 0.891681243437
4 8 0.847794077015
4 9 0.498926712159
4 10 0.976113108781
4 11 0.582766162759
4 12 0.538691153967
4 13 0.680960328744
4 14 0.555935381379
4 15 0.549216046739
4 16 0.998061066825
4 17 0.164749001081
4 18 0.186695397292
4 19 0.409486844818
5 0 0.656078074275
5 1 0.005487735826
5 2 0.901248533047
5 3 0.280450292199
5 4 0.591692021448
5 5 0.280090373676
5 6 0.515538952915
5 7 0.544268719013
5 8 0.676644295441
5 9 0.928985252419
5 10 0.271968513430
5 11 0.553758224021
5 12 0.455473358614
5 13 0.126657392384
5 14 0.793725148230
5 15 0.931838041016
5 16 0.187904918253
5 17 0.921116456278
5 18 0.659071367728
5 19 0.683304179298
6 0 0.662137948284
6 1 0.528747790013
6 2 0.947646233824
6 3 0.268705339408
6 4 0.483149865428
6 5 0.198368461337
6 6 0.998405988793
6 7 0.472079706235
6 8 0.841120879236
6 9 0.546393257081
6 10 0.760721302948
6 11 0.815381741629
6 12 0.003911504163
6 13 0.242017287430
6 14 0.842466167083
6 15 0.150401092762
6 16 0.204097292303
6 17 0.646996523688
6 18 0.443755596048
6 19 0.620658541754
7 0 0.972736481159
7 1 0.407214619646
7 2 0.702906548180
7 3 0.856665827873
7 4 0.206375868965
7 5 0.822910570281
7 6 0.796662025765
7 7 0.622504368670
7 8 0.365961119164
7 9 0.206272157342
7 10 0.143944625467
7 11 0.831274012493
7 12 0.560428887802
7 13 0.236212280813
7 14 0.228427459439
7 15 0.567509321411
7 16 0.709628054740
7 17 0.061308447246
7 18 0.440945213179
7 19 0.527044036639
8 0 0.221808368034
8 1 0.407005894033
8 2 0.792177344637
8 3 0.731577962759
8 4 0.678002048535
8 5 0.428505485491
8 6 0.140219846720
8 7 0.935389545608
8 8 0.510868063515
8 9 0.883662363331
8 10 0.399970593062
8 11 0.665446507406
8 12 0.167254904891
8 13 0.241173461761
8 14 0.320755586600
8 15 0.861375417456
8 16 0.998769585667
8 17 0.488668230235
8 18 0.715937619341
8 19 0.470189750194
9 0 0.816337930371
9 1 0.581958911959
9 2 0.317912237628
9 3 0.661442787470
9 4 0.191310145688
9 5 0.276977432723
9 6 0.238226725727
9 7 0.089765832119
9 8 0.629135035914
9 9 0.722136205410
9 10 0.870246750354
9 11 0.400553596451
9 12 0.172414288146
9 13 0.584145430069
9 14 0.736336003468
9 15 0.720015230193
9 16 0.203783811613
9 17 0.412508296653
9 18 0.357808888134
9 19 0.133380798820
10 0 0.522359158888
10 1 0.073453838539
10 2 0.885271948517
10 3 0.736412857922
10 4 0.600440794691
10 5 0.148186237276
10 6 0.005020924214
10 7 0.397500691934
10 8 0.420417966466
10 9 0.795210033664
10 10 0.338479235515
10 11 0.193777846371
10 12 0.377376437993
10 13 0.139227309027
10 14 0.643708632319
10 15 0.762487292941
10 16 0.336972588998
10 17 0.172582153259
10 18 0.123852446432
10 19 0.340147264634
11 0 0.936480082277
11 1 0.876819058056
11 2 0.803610779366
11 3 0.106744396469
11 4 0.728749298583
11 5 0.439543535516
11 6 0.303889629153
11 7 0.803929127568
11 8 0.201475460494
11 9 0.149559017914
11 10 0.793626518736
11 11 0.669212533486
11 12 0.357912979526
11 13 0.533931503131
11 14 0.656285481877
11 15 0.769441396985
11 16 0.203825238075
11 17 0.807190874728
11 18 0.507486909557
11 19 0.731391456801
12 0 0.394543992524
12 1 0.307118375731
12 2 0.366900478648
12 3 0.086219384548
12 4 0.622176906092
12 5 0.832678603751
12 6 0.190406416999
12 7 0.767592999011
12 8 0.596651751104
12 9 0.284127896106
12 10 0.782733448609
12 11 0.349696613615
12 12 0.627418923799
12 13 0.886057349196
12 14 0.493400644847
12 15 0.440004447982
12 16 0.305114120509
12 17 0.626166453535
12 18 0.618627114540
12 19 0.434659033351
13 0 0.549371852329
13 1 0.176458977355
13 2 0.345478044469
13 3 0.736549316790
13 4 0.029477742492
13 5 0.069534104568
13 6 0.112648249029
13 7 0.992940377898
13 8 0.632273902906
13 9 0.953263325363
13 10 0.910762816488
13 11 0.405199559631
13 12 0.286080875290
13 13 0.960626285567
13 14 0.533269750255
13 15 0.709143547266
13 16 0.959310571404
13 17 0.640499306237
13 18 0.833936929455
13 19 0.011204042114
14 0 0.894182578093
14 1 0.781688505201
14 2 0.431329224564
14 3 0.872088561010
14 4 0.830281343803
14 5 0.881436066591
14 6 0.052748606965
14 7 0.153484133277
14 8 0.748280067501
14 9 0.387876475142
14 10 0.600928221333
14 11 0.904678339569
14 12 0.641835207607
14 13 0.436118804725
14 14 0.922475807792
14 15 0.344522603806
14 16 0.390178202970
14 17 0.326649070107
14 18 0.690034106689
14 19 0.862655095414
15 0 0.248574954393
15 1 0.337035533179
15 2 0.815712062412
15 3 0.217469094184
15 4 0.196106393955
15 5 0.688713557852
15 6 0.617813321044
15 7 0.714957099872
15 8 0.759858643099
15 9 0.394436869026
15 10 0.682498357169
15 11 0.158795840603
15 12 0.996367981384
15 13 0.869794868297
15 14 0.132019117438
15 15 0.782986187435
15 16 0.376112298118
15 17 0.810909133747
15 18 0.891390420764
15 19 0.362306748169
16 0 0.097019270352
16 1 0.490865691851
16 2 0.031161821199
16 3 0.233237902096
16 4 0.796070386026
16 5 0.423763758775
16 6 0.806932676777
16 7 0.448424225836
16 8 0.126252063424
16 9 0.192698187838
16 10 0.061070309744
16 11 0.059522652126
16 12 0.767067852886
16 13 0.001777540642
16 14 0.812232450399
16 15 0.414849733759
16 16 0.259606049344
16 17 0.665747622556
16 18 0.736899220241
16 19 0.776797413151
17 0 0.505443459062
17 1 0.619444022421
17 2 0.505598076901
17 3 0.099872168249
17 4 0.341401945668
17 5 0.732237261906
17 6 0.074776750144
17 7 0.757553070141
17 8 0.117885668437
17 9 0.697590149731
17 10 0.616835421791
17 11 0.694612805571
17 12 0.381106095779
17 13 0.356850783262
17 14 0.338431482505
17 15 0.238428872512
17 16 0.235794655910
17 17 0.020337363923
17 18 0.378188035273
17 19 0.693801731288
18 0 0.069073213824
18 1 0.983788465476
18 2 0.952006599195
18 3 0.122191698007
18 4 0.042979818197
18 5 0.015537214705
18 6 0.515241593920
18 7 0.446851945707
18 8 0.458545190470
18 9 0.980033586870
18 10 0.939681941302
18 11 0.166617910366
18 12 0.652941236172
18 13 0.224874567621
18 14 0.971379420398
18 15 0.893319622732
18 16 0.540947820977
18 17 0.526166365982
18 18 0.806791402272
18 19 0.950997441314
19 0 0.725094722125
19 1 0.526475053486
19 2 0.489088191682
19 3 0.318895919069
19 4 0.875275430181
19 5 0.054637025647
19 6 0.385944247152
19 7 0.044816994075
19 8 0.022432501054
19 9 0.909889268700
19 10 0.901277452753
19 11 0.100726976040
19 12 0.288251886744
19 13 0.649506709719
19 14 0.959909910909
19 15 0.766320768553
19 16 0.180680690287
19 17 0.813863736217
19 18 0.361958917366
19 19 0.269020826141
0 0 9
0 1 12
0 2 11
0 3 12
0 4 12
0 5 17
0 6 16
0 7 16
0 8 17
0 9 16
0 10 13
0 11 15
0 12 8
0 13 14
0 14 12
0 15 17
0 16 13
0 17 8
0 18 9
0 19 9
1 0 7
1 1 9
1 2 9
1 3 9
1 4 10
1 5 15
1 6 16
1 7 16
1 8 16
1 9 14
1 10 11
1 11 15
1 12 8
1 13 14
1 14 10
1 15 13
1 16 11
1 17 7
1 18 8
1 19 7
2 0 9
2 1 13
2 2 10
2 3 12
2 4 10
2 5 17
2 6 18
2 7 16
2 8 17
2 9 17
2 10 12
2 11 15
2 12 9
2 13 14
2 14 12
2 15 16
2 16 13
2 17 8
2 18 10
2 19 8
3 0 9
3 1 12
3 2 11
3 3 11
3 4 11
3 5 19
3 6 17
3 7 17
3 8 17
3 9 16
3 10 12
3 11 15
3 12 9
3 13 16
3 14 11
3 15 17
3 16 11
3 17 10
3 18 8
3 19 8
4 0 7
4 1 10
4 2 10
4 3 9
4 4 10
4 5 15
4 6 16
4 7 14
4 8 16
4 9 14
4 10 12
4 11 15
4 12 6
4 13 14
4 14 9
4 15 14
4 16 9
4 17 6
4 18 6
4 19 6
5 0 7
5 1 12
5 2 10
5 3 9
5 4 9
5 5 18
5 6 16
5 7 16
5 8 17
5 9 14
5 10 13
5 11 16
5 12 7
5 13 14
5 14 10
5 15 14
5 16 10
5 17 8
5 18 7
5 19 9
6 0 6
6 1 9
6 2 8
6 3 8
6 4 10
6 5 15
6 6 14
6 7 16
6 8 17
6 9 13
6 10 10
6 11 15
6 12 6
6 13 13
6 14 9
6 15 13
6 16 10
6 17 6
6 18 7
6 19 7
7 0 5
7 1 8
7 2 7
7 3 8
7 4 8
7 5 14
7 6 13
7 7 14
7 8 15
7 9 13
7 10 10
7 11 13
7 12 5
7 13 12
7 14 9
7 15 14
7 16 10
7 17 6
7 18 7
7 19 5
8 0 8
8 1 9
8 2 10
8 3 9
8 4 10
8 5 15
8 6 14
8 7 16
8 8 16
8 9 15
8 10 10
8 11 14
8 12 8
8 13 13
8 14 8
8 15 15
8 16 9
8 17 7
8 18 8
8 19 7
9 0 5
9 1 8
9 2 8
9 3 8
9 4 8
9 5 14
9 6 13
9 7 14
9 8 15
9 9 13
9 10 9
9 11 14
9 12 7
9 13 12
9 14 8
9 15 13
9 16 8
9 17 7
9 18 6
9 19 6
10 0 10
10 1 12
10 2 12
10 3 10
10 4 10
10 5 17
10 6 16
10 7 18
10 8 18
10 9 17
10 10 14
10 11 15
10 12 10
10 13 16
10 14 12
10 15 17
10 16 13
10 17 10
10 18 9
10 19 10
11 0 9
11 1 12
11 2 10
11 3 12
11 4 10
11 5 17
11 6 18
11 7 16
11 8 17
11 9 15
11 10 13
11 11 16
11 12 9
11 13 15
11 14 10
11 15 17
11 16 12
11 17 10
11 18 8
11 19 8
12 0 10
12 1 13
12 2 11
12 3 11
12 4 11
12 5 17
12 6 17
12 7 16
12 8 17
12 9 15
12 10 14
12 11 17
12 12 9
12 13 16
12 14 12
12 15 16
12 16 12
12 17 8
12 18 10
12 19 9
13 0 10
13 1 13
13 2 10
13 3 12
13 4 11
13 5 18
13 6 17
13 7 18
13 8 17
13 9 15
13 10 12
13 11 15
13 12 10
13 13 14
13 14 10
13 15 16
13 16 11
13 17 10
13 18 10
13 19 9
14 0 6
14 1 10
14 2 8
14 3 8
14 4 7
14 5 16
14 6 14
14 7 13
14 8 14
14 9 12
14 10 11
14 11 13
14 12 7
14 13 11
14 14 7
14 15 13
14 16 9
14 17 5
14 18 7
14 19 7
15 0 9
15 1 13
15 2 12
15 3 11
15 4 11
15 5 17
15 6 17
15 7 17
15 8 18
15 9 15
15 10 14
15 11 15
15 12 10
15 13 14
15 14 10
15 15 17
15 16 11
15 17 8
15 18 9
15 19 8
16 0 5
16 1 9
16 2 7
16 3 7
16 4 7
16 5 15
16 6 13
16 7 13
16 8 14
16 9 12
16 10 10
16 11 12
16 12 6
16 13 13
16 14 9
16 15 14
16 16 10
16 17 7
16 18 5
16 19 6
17 0 6
17 1 9
17 2 10
17 3 10
17 4 9
17 5 16
17 6 16
17 7 14
17 8 15
17 9 14
17 10 12
17 11 15
17 12 6
17 13 13
17 14 8
17 15 13
17 16 11
17 17 6
17 18 6
17 19 6
18 0 7
18 1 10
18 2 11
18 3 9
18 4 9
18 5 16
18 6 16
18 7 15
18 8 17
18 9 15
18 10 12
18 11 15
18 12 7
18 13 14
18 14 11
18 15 16
18 16 11
18 17 7
18 18 8
18 19 8
19 0 9
19 1 12
19 2 11
19 3 11
19 4 11
19 5 18
19 6 17
19 7 15
19 8 17
19 9 15
19 10 11
19 11 16
19 12 9
19 13 13
19 14 9
19 15 16
19 16 12
19 17 9
19 18 9
19 19 8
