20 100 15 2 2.0 1.0 1.5 95
10 20 5
0 49 8
3 91 7
2 90 7
13 57 7
12 44 14
1 81 13
9 36 13
11 69 14
13 23 12
10 88 9
14 65 12
12 87 5
3 57 11
4 96 7
7 30 12
0 60 8
6 92 5
8 2 5
10 49 5
5 42 11
0 73 12
4 80 14
4 28 12
6 60 9
1 23 14
4 27 8
5 71 7
9 96 11
11 43 10
5 95 13
2 91 12
2 33 12
6 31 15
11 85 8
5 26 10
9 44 12
2 55 10
8 70 14
8 56 5
13 16 6
1 84 14
7 42 11
0 60 5
11 69 6
1 35 7
8 93 10
3 98 11
2 19 13
11 46 11
2 14 8
1 82 8
9 93 15
6 41 12
3 69 7
8 23 6
9 82 8
3 60 11
3 56 5
11 46 9
12 17 9
2 91 8
10 94 9
14 46 9
12 59 5
5 86 15
7 18 8
0 63 9
1 10 9
6 43 7
14 77 5
5 60 12
10 30 15
9 61 14
5 60 13
13 79 8
7 50 5
13 15 10
3 99 13
6 1 6
10 66 6
14 58 7
1 41 8
7 79 12
4 95 5
8 89 8
4 95 10
14 13 13
9 16 14
0 22 14
12 64 10
4 76 15
8 58 5
7 21 13
12 19 15
14 35 10
7 54 8
0 28 10
6 41 11
13 49 8
0 0 0.521503209340
0 1 0.665402100248
0 2 0.915790361561
0 3 0.331619796085
0 4 0.858208076289
0 5 0.319785051353
0 6 0.026296303478
0 7 0.062542573791
0 8 0.140255836815
0 9 0.365115929148
0 10 0.766534549626
0 11 0.009459746000
0 12 0.259255422875
0 13 0.081710866462
0 14 0.270372617705
0 15 0.087421536521
0 16 0.199257362441
0 17 0.045095724596
0 18 0.484132533515
0 19 0.746574486683
0 20 0.105552911179
0 21 0.560110238074
0 22 0.969230222401
0 23 0.046282597304
0 24 0.620813902423
0 25 0.234896388720
0 26 0.993841359470
0 27 0.638411355572
0 28 0.447157337501
0 29 0.940840359088
0 30 0.623329225259
0 31 0.768664522967
0 32 0.283012677595
0 33 0.672329726752
0 34 0.931378317998
0 35 0.625969892329
0 36 0.159909341974
0 37 0.488057787617
0 38 0.944803539700
0 39 0.492778968751
0 40 0.379404963095
0 41 0.212994782712
0 42 0.247811222702
0 43 0.923276334057
0 44 0.112234093488
0 45 0.802732688372
0 46 0.066875277487
0 47 0.832832245723
0 48 0.457580614385
0 49 0.926912936757
0 50 0.496120147776
0 51 0.413856589714
0 52 0.408897840599
0 53 0.547864785177
0 54 0.620712136365
0 55 0.304411932260
0 56 0.172015684945
0 57 0.519306331604
0 58 0.388657640326
0 59 0.418231872228
0 60 0.199109314458
0 61 0.604314260602
0 62 0.266130714998
0 63 0.962352064973
0 64 0.848218960425
0 65 0.873043161686
0 66 0.006909377129
0 67 0.448810180580
0 68 0.683574971377
0 69 0.876127386874
0 70 0.871445853443
0 71 0.659051140171
0 72 0.131149350685
0 73 0.571788721561
0 74 0.978349882456
0 75 0.680675725387
0 76 0.037665130593
0 77 0.309189842011
0 78 0.124880488709
0 79 0.579123079696
0 80 0.947227620763
0 81 0.780095659678
0 82 0.355800368375
0 83 0.300603200121
0 84 0.028120614539
0 85 0.549419790520
0 86 0.249913579676
0 87 0.164920235335
0 88 0.643002165824
0 89 0.860716879662
0 90 0.821415030817
0 91 0.559909473111
0 92 0.701153795927
0 93 0.209842519398
0 94 0.273047947321
0 95 0.048713267852
0 96 0.230318701327
0 97 0.537790266704
0 98 0.737024423945
0 99 0.013152199166
1 0 0.348613732239
1 1 0.460393346538
1 2 0.926807872067
1 3 0.732701724749
1 4 0.782322420232
1 5 0.363115773409
1 6 0.319005637291
1 7 0.307972716044
1 8 0.462961043720
1 9 0.659752011690
1 10 0.919242769502
1 11 0.343237034030
1 12 0.811099086009
1 13 0.466440377753
1 14 0.775861669385
1 15 0.022995538978
1 16 0.862958090135
1 17 0.520674031177
1 18 0.955914783468
1 19 0.851750570385
1 20 0.600096689117
1 21 0.906525695868
1 22 0.306700823374
1 23 0.526380846374
1 24 0.439056338962
1 25 0.880363961568
1 26 0.374397765010
1 27 0.595407691568
1 28 0.722055717147
1 29 0.803662312209
1 30 0.037001388336
1 31 0.193631330380
1 32 0.916541160696
1 33 0.671122114658
1 34 0.784445189204
1 35 0.753608339276
1 36 0.803438846203
1 37 0.793619665833
1 38 0.119130229430
1 39 0.560745915729
1 40 0.882331114238
1 41 0.172808173948
1 42 0.728733371856
1 43 0.506396103637
1 44 0.017575348161
1 45 0.942114208629
1 46 0.717917999856
1 47 0.535058672464
1 48 0.527613714248
1 49 0.249026623382
1 50 0.844868766040
1 51 0.439262846988
1 52 0.993234993858
1 53 0.678985787878
1 54 0.499689248290
1 55 0.474032617937
1 56 0.248737885962
1 57 0.679830101095
1 58 0.766750390933
1 59 0.034485543207
1 60 0.877506628898
1 61 0.959632174609
1 62 0.865883726421
1 63 0.130671817125
1 64 0.349160289797
1 65 0.246839929830
1 66 0.938736479524
1 67 0.644556143801
1 68 0.540492295563
1 69 0.305182743236
1 70 0.340855450797
1 71 0.590265791875
1 72 0.801473535327
1 73 0.054133565413
1 74 0.198862521922
1 75 0.224159313021
1 76 0.147434079922
1 77 0.424931503396
1 78 0.825168069442
1 79 0.154352045726
1 80 0.242020801437
1 81 0.580340019519
1 82 0.573206620708
1 83 0.137767475453
1 84 0.657266907494
1 85 0.522819178228
1 86 0.119296544070
1 87 0.161173018639
1 88 0.636721998708
1 89 0.594606089375
1 90 0.900721546044
1 91 0.728562129926
1 92 0.143563577325
1 93 0.648904545535
1 94 0.439200818644
1 95 0.526175774075
1 96 0.126774048772
1 97 0.664857072742
1 98 0.702812697775
1 99 0.373253513082
2 0 0.725538232772
2 1 0.837565942086
2 2 0.053820771931
2 3 0.944559064316
2 4 0.644555991374
2 5 0.159299373392
2 6 0.200131626327
2 7 0.362688391537
2 8 0.567088621256
2 9 0.059739896842
2 10 0.659205295153
2 11 0.093319090472
2 12 0.459169192928
2 13 0.815873617819
2 14 0.064752418178
2 15 0.114245927707
2 16 0.761078785190
2 17 0.675582261614
2 18 0.254815426160
2 19 0.454582023745
2 20 0.358794574766
2 21 0.324135494322
2 22 0.412382184541
2 23 0.542321052854
2 24 0.254418636677
2 25 0.740165620758
2 26 0.194136589892
2 27 0.623394340250
2 28 0.956036745420
2 29 0.428198890114
2 30 0.587372238484
2 31 0.996381631500
2 32 0.300637599758
2 33 0.330822396540
2 34 0.388655179029
2 35 0.376931004952
2 36 0.860500523936
2 37 0.965756406003
2 38 0.344694108512
2 39 0.901937163978
2 40 0.731013132195
2 41 0.244450263831
2 42 0.893249083577
2 43 0.305292244746
2 44 0.344660876589
2 45 0.655417537292
2 46 0.863907742362
2 47 0.818588462016
2 48 0.986046438508
2 49 0.828855616420
2 50 0.337413747862
2 51 0.558515001795
2 52 0.739909717243
2 53 0.884996512799
2 54 0.323221213294
2 55 0.458379463042
2 56 0.053812480098
2 57 0.774642025128
2 58 0.558448000510
2 59 0.977127469564
2 60 0.132793483731
2 61 0.844844044045
2 62 0.021531912054
2 63 0.182088757838
2 64 0.320807400149
2 65 0.976873013334
2 66 0.518920644192
2 67 0.127886255526
2 68 0.309757667456
2 69 0.618525418849
2 70 0.727814075662
2 71 0.627704775641
2 72 0.146942714201
2 73 0.206480040282
2 74 0.165271426727
2 75 0.258021259076
2 76 0.916474205148
2 77 0.220817340124
2 78 0.260316357042
2 79 0.248292038862
2 80 0.038554747107
2 81 0.459325460853
2 82 0.242559233327
2 83 0.476141905418
2 84 0.503691547649
2 85 0.641228274269
2 86 0.216523492117
2 87 0.047604125507
2 88 0.404455482530
2 89 0.408760512101
2 90 0.634401993708
2 91 0.883410600976
2 92 0.597840106359
2 93 0.039870538632
2 94 0.191141088369
2 95 0.626592642056
2 96 0.449131015663
2 97 0.949664879744
2 98 0.999495375774
2 99 0.301414910797
3 0 0.389400576794
3 1 0.962953777668
3 2 0.623728469064
3 3 0.178366069863
3 4 0.227399848955
3 5 0.426674699742
3 6 0.410664997769
3 7 0.994522042427
3 8 0.339627720744
3 9 0.210782971818
3 10 0.742934149954
3 11 0.771550485718
3 12 0.861305643167
3 13 0.819750247488
3 14 0.247393321318
3 15 0.119243884050
3 16 0.376344352092
3 17 0.708323581508
3 18 0.462295135471
3 19 0.696974280033
3 20 0.430293705713
3 21 0.121605693390
3 22 0.305676823225
3 23 0.423866203062
3 24 0.952819005165
3 25 0.497922207676
3 26 0.299184949201
3 27 0.027979528564
3 28 0.735474669978
3 29 0.936040264339
3 30 0.345362333395
3 31 0.278764396639
3 32 0.582431080142
3 33 0.839194813504
3 34 0.267378168115
3 35 0.884952087683
3 36 0.022414621333
3 37 0.018505107219
3 38 0.403664222930
3 39 0.101483399766
3 40 0.715604296388
3 41 0.952270158042
3 42 0.474460512785
3 43 0.034940056640
3 44 0.185778459228
3 45 0.858223705421
3 46 0.031947932404
3 47 0.618066399292
3 48 0.878672663759
3 49 0.124437508275
3 50 0.074663480920
3 51 0.561217734625
3 52 0.452111271703
3 53 0.681847814373
3 54 0.905035647654
3 55 0.662009083324
3 56 0.339991235987
3 57 0.157981253304
3 58 0.975684330199
3 59 0.317686797072
3 60 0.817393136589
3 61 0.658068698767
3 62 0.115397026385
3 63 0.502435584162
3 64 0.296969016407
3 65 0.572883529280
3 66 0.726024532100
3 67 0.015864754540
3 68 0.553612654690
3 69 0.517975659859
3 70 0.989874323583
3 71 0.287707450648
3 72 0.771143952969
3 73 0.593595232240
3 74 0.058004114883
3 75 0.539127194639
3 76 0.556913638877
3 77 0.326071665216
3 78 0.622905521075
3 79 0.734452649048
3 80 0.107352816717
3 81 0.853181599289
3 82 0.356769101397
3 83 0.966196896548
3 84 0.640192108214
3 85 0.627962479774
3 86 0.593244509905
3 87 0.929955483058
3 88 0.789786683973
3 89 0.909995723291
3 90 0.847625296741
3 91 0.137366687681
3 92 0.898896991810
3 93 0.039724403218
3 94 0.109854188911
3 95 0.333211457248
3 96 0.062307970282
3 97 0.387560298054
3 98 0.353469651036
3 99 0.031339889187
4 0 0.945516695430
4 1 0.251088448761
4 2 0.660321814204
4 3 0.287552851656
4 4 0.436186421101
4 5 0.724229156545
4 6 0.722702554537
4 7 0.891681243437
4 8 0.847794077015
4 9 0.498926712159
4 10 0.976113108781
4 11 0.582766162759
4 12 0.538691153967
4 13 0.680960328744
4 14 0.555935381379
4 15 0.549216046739
4 16 0.998061066825
4 17 0.164749001081
4 18 0.186695397292
4 19 0.409486844818
4 20 0.925981607410
4 21 0.134104551125
4 22 0.238628637710
4 23 0.441491999265
4 24 0.251618200396
4 25 0.912143541176
4 26 0.878735208242
4 27 0.188039980371
4 28 0.193797373241
4 29 0.650016943690
4 30 0.636402317274
4 31 0.472987154517
4 32 0.529313936574
4 33 0.444526101120
4 34 0.508345419465
4 35 0.605047338483
4 36 0.889612835262
4 37 0.485149901841
4 38 0.636380744510
4 39 0.816229093316
4 40 0.466482702924
4 41 0.200687390575
4 42 0.358131526676
4 43 0.725113740080
4 44 0.843977876438
4 45 0.618152982302
4 46 0.931936577764
4 47 0.684452852185
4 48 0.709113112704
4 49 0.759537760236
4 50 0.671851956245
4 51 0.204252421766
4 52 0.481667102439
4 53 0.256093059143
4 54 0.844404918241
4 55 0.241085306125
4 56 0.162958091954
4 57 0.827096334907
4 58 0.662774031155
4 59 0.451420323405
4 60 0.366567628169
4 61 0.608108170459
4 62 0.665632425007
4 63 0.115728144731
4 64 0.375176370318
4 65 0.623646117242
4 66 0.401948516381
4 67 0.614595239919
4 68 0.550879786938
4 69 0.900394510526
4 70 0.101382432871
4 71 0.725769333307
4 72 0.190487810415
4 73 0.746159776584
4 74 0.708635834720
4 75 0.561929098964
4 76 0.674325331962
4 77 0.984503364630
4 78 0.820482419655
4 79 0.431127473376
4 80 0.668756078912
4 81 0.678737860916
4 82 0.974460820814
4 83 0.474873079227
4 84 0.185300591148
4 85 0.810621970174
4 86 0.691900522079
4 87 0.567222666495
4 88 0.104963691436
4 89 0.607551604653
4 90 0.347235161495
4 91 0.641308977868
4 92 0.014465577872
4 93 0.168067239430
4 94 0.830179893669
4 95 0.410693412022
4 96 0.485625270009
4 97 0.357622242632
4 98 0.676987203713
4 99 0.163451550689
5 0 0.656078074275
5 1 0.005487735826
5 2 0.901248533047
5 3 0.280450292199
5 4 0.591692021448
5 5 0.280090373676
5 6 0.515538952915
5 7 0.544268719013
5 8 0.676644295441
5 9 0.928985252419
5 10 0.271968513430
5 11 0.553758224021
5 12 0.455473358614
5 13 0.126657392384
5 14 0.793725148230
5 15 0.931838041016
5 16 0.187904918253
5 17 0.921116456278
5 18 0.659071367728
5 19 0.683304179298
5 20 0.925250076021
5 21 0.270275140746
5 22 0.308920763548
5 23 0.379035811547
5 24 0.282584103225
5 25 0.663769207152
5 26 0.233826648322
5 27 0.968629026210
5 28 0.866225508592
5 29 0.694151526461
5 30 0.818889413863
5 31 0.743801312803
5 32 0.215382647141
5 33 0.259325251149
5 34 0.753650311340
5 35 0.830602479615
5 36 0.370081240531
5 37 0.860164414047
5 38 0.447987307807
5 39 0.830689318315
5 40 0.556584746343
5 41 0.926415390220
5 42 0.798107156242
5 43 0.196354606009
5 44 0.117320830078
5 45 0.258903438200
5 46 0.939361849711
5 47 0.729884214797
5 48 0.147094837548
5 49 0.637431351422
5 50 0.992359661891
5 51 0.988255788850
5 52 0.513086920493
5 53 0.706095533987
5 54 0.587020336805
5 55 0.096051072916
5 56 0.242330161186
5 57 0.141255427442
5 58 0.076289577486
5 59 0.599317764897
5 60 0.344916087001
5 61 0.531876012748
5 62 0.307129421108
5 63 0.043579497820
5 64 0.750293341128
5 65 0.611134206838
5 66 0.276833498928
5 67 0.396283705647
5 68 0.771420278433
5 69 0.682592308006
5 70 0.656906592601
5 71 0.506023492414
5 72 0.882237009516
5 73 0.971492369464
5 74 0.288545738312
5 75 0.180037801688
5 76 0.505178372355
5 77 0.917181875812
5 78 0.547923727833
5 79 0.863975258800
5 80 0.964913572022
5 81 0.062206430174
5 82 0.683633702394
5 83 0.199073134504
5 84 0.066443178943
5 85 0.326415625229
5 86 0.170913595039
5 87 0.052431176281
5 88 0.719916826916
5 89 0.238612483955
5 90 0.465214634308
5 91 0.283918768087
5 92 0.750871621412
5 93 0.390632375720
5 94 0.783071945805
5 95 0.549699167195
5 96 0.378147574935
5 97 0.447978146651
5 98 0.782854038350
5 99 0.120118162155
6 0 0.662137948284
6 1 0.528747790013
6 2 0.947646233824
6 3 0.268705339408
6 4 0.483149865428
6 5 0.198368461337
6 6 0.998405988793
6 7 0.472079706235
6 8 0.841120879236
6 9 0.546393257081
6 10 0.760721302948
6 11 0.815381741629
6 12 0.003911504163
6 13 0.242017287430
6 14 0.842466167083
6 15 0.150401092762
6 16 0.204097292303
6 17 0.646996523688
6 18 0.443755596048
6 19 0.620658541754
6 20 0.544202319094
6 21 0.047634742473
6 22 0.233624016706
6 23 0.533065289514
6 24 0.202884554337
6 25 0.503214395939
6 26 0.422005445304
6 27 0.793259312400
6 28 0.415972903919
6 29 0.544197741363
6 30 0.907038533491
6 31 0.438658185156
6 32 0.274493963067
6 33 0.813306981251
6 34 0.014279046238
6 35 0.863797350692
6 36 0.388153392854
6 37 0.626975552275
6 38 0.101870508057
6 39 0.272403187716
6 40 0.701853153162
6 41 0.804347398985
6 42 0.989004777945
6 43 0.024106731639
6 44 0.515514664366
6 45 0.572128499234
6 46 0.568374230235
6 47 0.313328315087
6 48 0.201485816010
6 49 0.722223586590
6 50 0.087141275612
6 51 0.552114058138
6 52 0.383782309786
6 53 0.150418147371
6 54 0.181759668076
6 55 0.682567173034
6 56 0.988644392048
6 57 0.763709299693
6 58 0.325435497832
6 59 0.872812460800
6 60 0.359722792435
6 61 0.540201878421
6 62 0.386784013384
6 63 0.844013773604
6 64 0.858603266847
6 65 0.523409359297
6 66 0.341160086198
6 67 0.983271561627
6 68 0.705441059896
6 69 0.161976567571
6 70 0.504569842197
6 71 0.538710723034
6 72 0.584726631547
6 73 0.104360517514
6 74 0.819634675877
6 75 0.391313160078
6 76 0.565436852209
6 77 0.866549772936
6 78 0.756730865898
6 79 0.947505584422
6 80 0.217189539375
6 81 0.751243237103
6 82 0.463586292114
6 83 0.835737144542
6 84 0.281193305062
6 85 0.573504587909
6 86 0.695930896609
6 87 0.377809413517
6 88 0.126971591826
6 89 0.006618211356
6 90 0.280919588221
6 91 0.732418379845
6 92 0.114325963590
6 93 0.402535964704
6 94 0.064982087820
6 95 0.622822377186
6 96 0.278692803210
6 97 0.708271107452
6 98 0.646389772482
6 99 0.523471882522
7 0 0.972736481159
7 1 0.407214619646
7 2 0.702906548180
7 3 0.856665827873
7 4 0.206375868965
7 5 0.822910570281
7 6 0.796662025765
7 7 0.622504368670
7 8 0.365961119164
7 9 0.206272157342
7 10 0.143944625467
7 11 0.831274012493
7 12 0.560428887802
7 13 0.236212280813
7 14 0.228427459439
7 15 0.567509321411
7 16 0.709628054740
7 17 0.061308447246
7 18 0.440945213179
7 19 0.527044036639
7 20 0.253654750032
7 21 0.387512004893
7 22 0.048776125839
7 23 0.212227559120
7 24 0.470886474808
7 25 0.400599167812
7 26 0.889248884019
7 27 0.255784153830
7 28 0.496579810931
7 29 0.125426102943
7 30 0.625608974240
7 31 0.066679322491
7 32 0.787729092053
7 33 0.597792981880
7 34 0.438194910279
7 35 0.675028229792
7 36 0.214164770620
7 37 0.024142024066
7 38 0.811316165600
7 39 0.487989256846
7 40 0.577094672872
7 41 0.636501366353
7 42 0.761533161356
7 43 0.137529987402
7 44 0.706920161206
7 45 0.566580495018
7 46 0.817228183261
7 47 0.368445948755
7 48 0.435500172672
7 49 0.533726586385
7 50 0.509875832571
7 51 0.572280617597
7 52 0.866835743027
7 53 0.505068423628
7 54 0.442951740912
7 55 0.915447942911
7 56 0.413874780860
7 57 0.635863095963
7 58 0.499346493316
7 59 0.726053008420
7 60 0.787421894822
7 61 0.400108767102
7 62 0.813254719463
7 63 0.581636978150
7 64 0.366927227951
7 65 0.408226763903
7 66 0.083946411476
7 67 0.849302992393
7 68 0.007826528563
7 69 0.476549157074
7 70 0.809515820784
7 71 0.270212314517
7 72 0.901392074423
7 73 0.032295900316
7 74 0.084991863972
7 75 0.552249382321
7 76 0.209026816157
7 77 0.961192006307
7 78 0.937402270573
7 79 0.380566851493
7 80 0.603408443050
7 81 0.908831871567
7 82 0.070607449432
7 83 0.602507231667
7 84 0.015419624267
7 85 0.717373006689
7 86 0.438788776804
7 87 0.243584121832
7 88 0.328025236281
7 89 0.772376112030
7 90 0.190056640599
7 91 0.916997282600
7 92 0.908046981696
7 93 0.154472151135
7 94 0.302151197588
7 95 0.817654423970
7 96 0.097087743980
7 97 0.213296626530
7 98 0.296238576145
7 99 0.450563999564
8 0 0.221808368034
8 1 0.407005894033
8 2 0.792177344637
8 3 0.731577962759
8 4 0.678002048535
8 5 0.428505485491
8 6 0.140219846720
8 7 0.935389545608
8 8 0.510868063515
8 9 0.883662363331
8 10 0.399970593062
8 11 0.665446507406
8 12 0.167254904891
8 13 0.241173461761
8 14 0.320755586600
8 15 0.861375417456
8 16 0.998769585667
8 17 0.488668230235
8 18 0.715937619341
8 19 0.470189750194
8 20 0.372262967057
8 21 0.436716625831
8 22 0.467385314031
8 23 0.420539680807
8 24 0.592823281522
8 25 0.772196763539
8 26 0.721571131176
8 27 0.712632330633
8 28 0.484123679823
8 29 0.911716426437
8 30 0.272453474009
8 31 0.793438312123
8 32 0.888909015239
8 33 0.235131812911
8 34 0.049930028843
8 35 0.076345858585
8 36 0.016498563065
8 37 0.611950327193
8 38 0.455217508555
8 39 0.509992688359
8 40 0.836496636283
8 41 0.979177345860
8 42 0.077055537076
8 43 0.083491896512
8 44 0.828108187742
8 45 0.658085113512
8 46 0.250452605312
8 47 0.919431219105
8 48 0.282342402914
8 49 0.183360143630
8 50 0.934341814694
8 51 0.239205029120
8 52 0.559428779438
8 53 0.583505295235
8 54 0.513137369109
8 55 0.977998019002
8 56 0.669091753796
8 57 0.465842424803
8 58 0.483075598958
8 59 0.484362041521
8 60 0.517596980944
8 61 0.783115964156
8 62 0.464261298591
8 63 0.327005571892
8 64 0.898298877894
8 65 0.588878850331
8 66 0.922865236844
8 67 0.487857626735
8 68 0.234579609168
8 69 0.222147787484
8 70 0.262053155624
8 71 0.482668871097
8 72 0.427853518824
8 73 0.052148047249
8 74 0.866311057320
8 75 0.714677363859
8 76 0.027941284414
8 77 0.997906576074
8 78 0.848202510277
8 79 0.438863655184
8 80 0.788044696752
8 81 0.700200965484
8 82 0.811381140494
8 83 0.106295794164
8 84 0.118151414500
8 85 0.954873465041
8 86 0.196074911000
8 87 0.615176253192
8 88 0.414565265390
8 89 0.752670884521
8 90 0.781169809446
8 91 0.731666228461
8 92 0.557800196299
8 93 0.575057142522
8 94 0.290729553221
8 95 0.549732984497
8 96 0.815366457972
8 97 0.208653107101
8 98 0.860735440816
8 99 0.523918319858
9 0 0.816337930371
9 1 0.581958911959
9 2 0.317912237628
9 3 0.661442787470
9 4 0.191310145688
9 5 0.276977432723
9 6 0.238226725727
9 7 0.089765832119
9 8 0.629135035914
9 9 0.722136205410
9 10 0.870246750354
9 11 0.400553596451
9 12 0.172414288146
9 13 0.584145430069
9 14 0.736336003468
9 15 0.720015230193
9 16 0.203783811613
9 17 0.412508296653
9 18 0.357808888134
9 19 0.133380798820
9 20 0.519384621887
9 21 0.139629886899
9 22 0.160656235340
9 23 0.684058831564
9 24 0.209450561178
9 25 0.042456725135
9 26 0.694332908634
9 27 0.637489761002
9 28 0.134575857320
9 29 0.302120842605
9 30 0.629120338337
9 31 0.807737893435
9 32 0.566191674741
9 33 0.914252579183
9 34 0.518942752127
9 35 0.939687637035
9 36 0.868946674117
9 37 0.767526377359
9 38 0.384799948174
9 39 0.018387284904
9 40 0.074946262947
9 41 0.054323722117
9 42 0.739893190518
9 43 0.784429927891
9 44 0.999908333929
9 45 0.116884958764
9 46 0.523473972329
9 47 0.979060734559
9 48 0.043986783454
9 49 0.608240901071
9 50 0.953635263815
9 51 0.918607333201
9 52 0.173057009813
9 53 0.711778550831
9 54 0.020916510392
9 55 0.898576932057
9 56 0.174652787639
9 57 0.728487572930
9 58 0.212489613998
9 59 0.330226120621
9 60 0.756894949163
9 61 0.063705929981
9 62 0.438631670674
9 63 0.712859766917
9 64 0.441848772546
9 65 0.548081812036
9 66 0.821463376046
9 67 0.447012554502
9 68 0.361625144523
9 69 0.604095224804
9 70 0.511519972175
9 71 0.158875536275
9 72 0.521485489566
9 73 0.382210875497
9 74 0.918682694205
9 75 0.566306109922
9 76 0.063459140980
9 77 0.186712076111
9 78 0.142220223917
9 79 0.692385807374
9 80 0.202616273222
9 81 0.533052071188
9 82 0.277235584370
9 83 0.427468672503
9 84 0.824430358837
9 85 0.702608737580
9 86 0.411831263751
9 87 0.493438698769
9 88 0.836900580882
9 89 0.895596512513
9 90 0.157507997978
9 91 0.490809582007
9 92 0.806097098358
9 93 0.103289512826
9 94 0.864192945665
9 95 0.534003884778
9 96 0.923340503238
9 97 0.397764425199
9 98 0.163337043110
9 99 0.494772445579
10 0 0.522359158888
10 1 0.073453838539
10 2 0.885271948517
10 3 0.736412857922
10 4 0.600440794691
10 5 0.148186237276
10 6 0.005020924214
10 7 0.397500691934
10 8 0.420417966466
10 9 0.795210033664
10 10 0.338479235515
10 11 0.193777846371
10 12 0.377376437993
10 13 0.139227309027
10 14 0.643708632319
10 15 0.762487292941
10 16 0.336972588998
10 17 0.172582153259
10 18 0.123852446432
10 19 0.340147264634
10 20 0.297924256885
10 21 0.875897994055
10 22 0.399998806350
10 23 0.103209984840
10 24 0.797808605233
10 25 0.092176069787
10 26 0.677003098908
10 27 0.961943235882
10 28 0.302214440933
10 29 0.708957142667
10 30 0.712665175049
10 31 0.083295396549
10 32 0.000580087179
10 33 0.945079389203
10 34 0.301118345621
10 35 0.282456910552
10 36 0.640772850084
10 37 0.283427561239
10 38 0.694817452821
10 39 0.448766150337
10 40 0.740989778573
10 41 0.545515596381
10 42 0.938909444596
10 43 0.752081609352
10 44 0.583564980417
10 45 0.622498312251
10 46 0.000063559767
10 47 0.640746396975
10 48 0.826083912252
10 49 0.031926285678
10 50 0.375180694206
10 51 0.885216857698
10 52 0.298456544032
10 53 0.081690508797
10 54 0.165646975861
10 55 0.828186832585
10 56 0.263631229641
10 57 0.204543610054
10 58 0.442144522210
10 59 0.199206859928
10 60 0.043391411127
10 61 0.969118829860
10 62 0.562610959078
10 63 0.985276934267
10 64 0.628163026058
10 65 0.980636944283
10 66 0.835659172295
10 67 0.978659497451
10 68 0.060370872671
10 69 0.634194157793
10 70 0.618991189681
10 71 0.888555265174
10 72 0.366621813813
10 73 0.219980364715
10 74 0.600853890162
10 75 0.572148971122
10 76 0.991411417702
10 77 0.548010721300
10 78 0.200348711962
10 79 0.705104791013
10 80 0.982989257322
10 81 0.646235300693
10 82 0.217245914584
10 83 0.744270539580
10 84 0.232975809979
10 85 0.235153714899
10 86 0.713898212936
10 87 0.270174361796
10 88 0.003549204236
10 89 0.222870786546
10 90 0.490644962146
10 91 0.379800541680
10 92 0.703478852784
10 93 0.278862668229
10 94 0.483816747171
10 95 0.309617417144
10 96 0.642289145928
10 97 0.777840007814
10 98 0.825328275523
10 99 0.724580182297
11 0 0.936480082277
11 1 0.876819058056
11 2 0.803610779366
11 3 0.106744396469
11 4 0.728749298583
11 5 0.439543535516
11 6 0.303889629153
11 7 0.803929127568
11 8 0.201475460494
11 9 0.149559017914
11 10 0.793626518736
11 11 0.669212533486
11 12 0.357912979526
11 13 0.533931503131
11 14 0.656285481877
11 15 0.769441396985
11 16 0.203825238075
11 17 0.807190874728
11 18 0.507486909557
11 19 0.731391456801
11 20 0.026951862690
11 21 0.052971245738
11 22 0.554931585489
11 23 0.822051273467
11 24 0.776598420370
11 25 0.683286580961
11 26 0.612334073613
11 27 0.362475993067
11 28 0.344350707554
11 29 0.905201549850
11 30 0.283080946093
11 31 0.771272767383
11 32 0.817538705032
11 33 0.704864281055
11 34 0.707549287740
11 35 0.424652206452
11 36 0.449153346912
11 37 0.547123423206
11 38 0.005212891890
11 39 0.401822391183
11 40 0.955846978195
11 41 0.951106494961
11 42 0.210699832647
11 43 0.448694317691
11 44 0.545354318583
11 45 0.714733016736
11 46 0.170961823991
11 47 0.788940590045
11 48 0.787456337569
11 49 0.724236237342
11 50 0.447756729858
11 51 0.611718153958
11 52 0.809120706739
11 53 0.841419908377
11 54 0.382219901751
11 55 0.995878636004
11 56 0.967042094765
11 57 0.774316034618
11 58 0.556172631788
11 59 0.277485033666
11 60 0.385267697683
11 61 0.633493381645
11 62 0.510381953454
11 63 0.464518748318
11 64 0.588161714514
11 65 0.256751081041
11 66 0.511999662845
11 67 0.903733271867
11 68 0.934715677137
11 69 0.648596236603
11 70 0.787340570718
11 71 0.272523340022
11 72 0.791659264983
11 73 0.562591933095
11 74 0.455870685082
11 75 0.332813272944
11 76 0.977017459465
11 77 0.507997544198
11 78 0.976811925426
11 79 0.165225490130
11 80 0.006067033220
11 81 0.595814353618
11 82 0.893778709421
11 83 0.149403880866
11 84 0.495987053790
11 85 0.354493793982
11 86 0.781072605139
11 87 0.841074710520
11 88 0.709124826261
11 89 0.516477363495
11 90 0.434086981188
11 91 0.679754754067
11 92 0.586480653531
11 93 0.157545065635
11 94 0.548031988638
11 95 0.577583717875
11 96 0.556133058456
11 97 0.543863056003
11 98 0.896443623296
11 99 0.135288730845
12 0 0.394543992524
12 1 0.307118375731
12 2 0.366900478648
12 3 0.086219384548
12 4 0.622176906092
12 5 0.832678603751
12 6 0.190406416999
12 7 0.767592999011
12 8 0.596651751104
12 9 0.284127896106
12 10 0.782733448609
12 11 0.349696613615
12 12 0.627418923799
12 13 0.886057349196
12 14 0.493400644847
12 15 0.440004447982
12 16 0.305114120509
12 17 0.626166453535
12 18 0.618627114540
12 19 0.434659033351
12 20 0.150835832639
12 21 0.985891952677
12 22 0.156083958692
12 23 0.924903179480
12 24 0.406656484071
12 25 0.901672584895
12 26 0.380961994111
12 27 0.951902710884
12 28 0.867461045194
12 29 0.612352706395
12 30 0.290411020252
12 31 0.627410751612
12 32 0.617067994284
12 33 0.401525271578
12 34 0.809886348230
12 35 0.047415106677
12 36 0.889478600835
12 37 0.707366179596
12 38 0.282887878972
12 39 0.590309295252
12 40 0.682054224143
12 41 0.045206174265
12 42 0.136946639144
12 43 0.226638184269
12 44 0.724172327824
12 45 0.788525701865
12 46 0.271120308257
12 47 0.760771074902
12 48 0.017570453052
12 49 0.932183142097
12 50 0.393788833929
12 51 0.319891038579
12 52 0.226556239213
12 53 0.543414214424
12 54 0.052092935996
12 55 0.198553524815
12 56 0.299854302796
12 57 0.661490919855
12 58 0.766503191850
12 59 0.539573227282
12 60 0.331304937663
12 61 0.702938465383
12 62 0.091370350475
12 63 0.266918398552
12 64 0.875840837417
12 65 0.996278908191
12 66 0.784150604144
12 67 0.644830736608
12 68 0.455914473419
12 69 0.459187335562
12 70 0.454352868631
12 71 0.021326645006
12 72 0.835149825085
12 73 0.806510561289
12 74 0.909221129826
12 75 0.221843826767
12 76 0.646967787064
12 77 0.733973937074
12 78 0.622129625088
12 79 0.072941006986
12 80 0.828111575617
12 81 0.418123535425
12 82 0.843167375707
12 83 0.268421805819
12 84 0.876388369861
12 85 0.438647618079
12 86 0.951803386518
12 87 0.562399599829
12 88 0.924367133948
12 89 0.869518722387
12 90 0.989262382194
12 91 0.325647481228
12 92 0.800147023871
12 93 0.379501911700
12 94 0.986245940886
12 95 0.170950602228
12 96 0.122308560218
12 97 0.847850199986
12 98 0.900577475864
12 99 0.568152437455
13 0 0.549371852329
13 1 0.176458977355
13 2 0.345478044469
13 3 0.736549316790
13 4 0.029477742492
13 5 0.069534104568
13 6 0.112648249029
13 7 0.992940377898
13 8 0.632273902906
13 9 0.953263325363
13 10 0.910762816488
13 11 0.405199559631
13 12 0.286080875290
13 13 0.960626285567
13 14 0.533269750255
13 15 0.709143547266
13 16 0.959310571404
13 17 0.640499306237
13 18 0.833936929455
13 19 0.011204042114
13 20 0.001038263822
13 21 0.623818433423
13 22 0.150275617208
13 23 0.865697732250
13 24 0.540983293804
13 25 0.493083188179
13 26 0.080916629492
13 27 0.197363858439
13 28 0.744645430412
13 29 0.758275240532
13 30 0.575842695232
13 31 0.115686966860
13 32 0.693525760727
13 33 0.753899982189
13 34 0.149967542837
13 35 0.683622858669
13 36 0.689420458213
13 37 0.696295461789
13 38 0.987805614293
13 39 0.392468690340
13 40 0.932331985286
13 41 0.460658779928
13 42 0.146814227961
13 43 0.297986449695
13 44 0.885544942000
13 45 0.037478093824
13 46 0.046377784918
13 47 0.280520472068
13 48 0.444428440004
13 49 0.585121685472
13 50 0.294551958536
13 51 0.526237455190
13 52 0.527286207720
13 53 0.444808420663
13 54 0.857936437345
13 55 0.618438436219
13 56 0.735430307619
13 57 0.389955954763
13 58 0.539786884325
13 59 0.680027999398
13 60 0.844717428690
13 61 0.004898295859
13 62 0.009728425355
13 63 0.875167013062
13 64 0.796538128292
13 65 0.022539035996
13 66 0.157152295520
13 67 0.567279380166
13 68 0.945892726120
13 69 0.724780696308
13 70 0.084172015974
13 71 0.099724774112
13 72 0.191310155206
13 73 0.017163540995
13 74 0.208721017882
13 75 0.650579957546
13 76 0.005691573713
13 77 0.555388671013
13 78 0.586107442878
13 79 0.551078289160
13 80 0.598807621221
13 81 0.181534202786
13 82 0.547990112895
13 83 0.798404983170
13 84 0.046043366636
13 85 0.254208894844
13 86 0.136904254623
13 87 0.389081012445
13 88 0.016684169237
13 89 0.278143778380
13 90 0.640241666725
13 91 0.177490460354
13 92 0.173820785974
13 93 0.506983189130
13 94 0.269314375854
13 95 0.044458194683
13 96 0.703407046954
13 97 0.201998780854
13 98 0.145590961813
13 99 0.565742430620
14 0 0.894182578093
14 1 0.781688505201
14 2 0.431329224564
14 3 0.872088561010
14 4 0.830281343803
14 5 0.881436066591
14 6 0.052748606965
14 7 0.153484133277
14 8 0.748280067501
14 9 0.387876475142
14 10 0.600928221333
14 11 0.904678339569
14 12 0.641835207607
14 13 0.436118804725
14 14 0.922475807792
14 15 0.344522603806
14 16 0.390178202970
14 17 0.326649070107
14 18 0.690034106689
14 19 0.862655095414
14 20 0.529493714453
14 21 0.566316854325
14 22 0.529992705524
14 23 0.429099894845
14 24 0.682788981987
14 25 0.523043774586
14 26 0.517174482756
14 27 0.818398243844
14 28 0.872736949902
14 29 0.707276186194
14 30 0.559071672410
14 31 0.702249270450
14 32 0.989589193803
14 33 0.840657501525
14 34 0.461979229682
14 35 0.090632178541
14 36 0.694912502243
14 37 0.690302805089
14 38 0.207293021083
14 39 0.953788137045
14 40 0.600469876359
14 41 0.745740112324
14 42 0.082052117940
14 43 0.096030247273
14 44 0.163489572086
14 45 0.372367635630
14 46 0.973509127639
14 47 0.148546992724
14 48 0.559438895032
14 49 0.795267508393
14 50 0.897776287126
14 51 0.123456342994
14 52 0.382114314131
14 53 0.285154936637
14 54 0.391118410929
14 55 0.608773535924
14 56 0.595892303720
14 57 0.363501810514
14 58 0.636798745254
14 59 0.870936489078
14 60 0.542994204194
14 61 0.987367855763
14 62 0.732892137402
14 63 0.422918992010
14 64 0.682528254333
14 65 0.526872955253
14 66 0.949631470580
14 67 0.168117131875
14 68 0.771497087007
14 69 0.053245954096
14 70 0.947450940704
14 71 0.792721338781
14 72 0.575068024028
14 73 0.560614654005
14 74 0.083560887078
14 75 0.199366136529
14 76 0.621636337012
14 77 0.046518527537
14 78 0.933502051633
14 79 0.164251611064
14 80 0.313328240374
14 81 0.700872868180
14 82 0.141979552339
14 83 0.805898753981
14 84 0.066855305634
14 85 0.311513095535
14 86 0.031329939471
14 87 0.990319924334
14 88 0.660204937933
14 89 0.259323923996
14 90 0.030005921235
14 91 0.590126703944
14 92 0.628241903935
14 93 0.060625120778
14 94 0.904569181063
14 95 0.070248475796
14 96 0.090332751455
14 97 0.531796639712
14 98 0.703594311426
14 99 0.917316408900
15 0 0.248574954393
15 1 0.337035533179
15 2 0.815712062412
15 3 0.217469094184
15 4 0.196106393955
15 5 0.688713557852
15 6 0.617813321044
15 7 0.714957099872
15 8 0.759858643099
15 9 0.394436869026
15 10 0.682498357169
15 11 0.158795840603
15 12 0.996367981384
15 13 0.869794868297
15 14 0.132019117438
15 15 0.782986187435
15 16 0.376112298118
15 17 0.810909133747
15 18 0.891390420764
15 19 0.362306748169
15 20 0.822686884182
15 21 0.374324878511
15 22 0.139965093016
15 23 0.248350983121
15 24 0.224927172571
15 25 0.544945423795
15 26 0.808487382307
15 27 0.131219538869
15 28 0.456443548165
15 29 0.623339173306
15 30 0.767601934117
15 31 0.227286475858
15 32 0.090213930354
15 33 0.113443975180
15 34 0.292858410052
15 35 0.422734827718
15 36 0.110069203641
15 37 0.540389780534
15 38 0.708226885467
15 39 0.351552556973
15 40 0.238125545547
15 41 0.636236348594
15 42 0.168683746720
15 43 0.914394097632
15 44 0.309258758121
15 45 0.589420335699
15 46 0.384341870280
15 47 0.632769772702
15 48 0.775869905644
15 49 0.753754674703
15 50 0.516105403548
15 51 0.591209069132
15 52 0.789932836250
15 53 0.166459734052
15 54 0.430365614323
15 55 0.656495558872
15 56 0.915044917529
15 57 0.013108440500
15 58 0.396848434759
15 59 0.355326775767
15 60 0.943161578477
15 61 0.968408667357
15 62 0.475472153988
15 63 0.689664863595
15 64 0.264097984111
15 65 0.841926974201
15 66 0.730879021473
15 67 0.453154529190
15 68 0.716470582181
15 69 0.885657976764
15 70 0.365861273983
15 71 0.176994943088
15 72 0.037033790810
15 73 0.953139535646
15 74 0.501194068093
15 75 0.490210022714
15 76 0.744336261159
15 77 0.408579895883
15 78 0.740959813477
15 79 0.664122133737
15 80 0.071918722197
15 81 0.814251366581
15 82 0.265915195386
15 83 0.616633570497
15 84 0.727974248696
15 85 0.900675929377
15 86 0.024162647797
15 87 0.808859769491
15 88 0.036205915519
15 89 0.704309240763
15 90 0.596079210565
15 91 0.669156901459
15 92 0.967286892092
15 93 0.236798654710
15 94 0.400587654615
15 95 0.408572963629
15 96 0.408419725104
15 97 0.335655978673
15 98 0.206301272238
15 99 0.170781699743
16 0 0.097019270352
16 1 0.490865691851
16 2 0.031161821199
16 3 0.233237902096
16 4 0.796070386026
16 5 0.423763758775
16 6 0.806932676777
16 7 0.448424225836
16 8 0.126252063424
16 9 0.192698187838
16 10 0.061070309744
16 11 0.059522652126
16 12 0.767067852886
16 13 0.001777540642
16 14 0.812232450399
16 15 0.414849733759
16 16 0.259606049344
16 17 0.665747622556
16 18 0.736899220241
16 19 0.776797413151
16 20 0.859078263308
16 21 0.447994012344
16 22 0.468449853356
16 23 0.651352885875
16 24 0.652943148605
16 25 0.470607467977
16 26 0.156927025425
16 27 0.760249779638
16 28 0.900592170533
16 29 0.077380649727
16 30 0.811744792593
16 31 0.318727344130
16 32 0.863535304967
16 33 0.780493231568
16 34 0.169927556872
16 35 0.502694856131
16 36 0.967019535791
16 37 0.898613052005
16 38 0.159800769697
16 39 0.334849178354
16 40 0.502435051040
16 41 0.692913977346
16 42 0.302341465478
16 43 0.795400014992
16 44 0.660735127141
16 45 0.341493893575
16 46 0.609006057232
16 47 0.488023287814
16 48 0.410791070906
16 49 0.129968931134
16 50 0.829178930691
16 51 0.921530379231
16 52 0.181860572291
16 53 0.726100703288
16 54 0.438751126680
16 55 0.877045280376
16 56 0.135342155289
16 57 0.667954946821
16 58 0.888816872516
16 59 0.891910646626
16 60 0.978015850343
16 61 0.021917526191
16 62 0.570029566512
16 63 0.711322556132
16 64 0.749003514467
16 65 0.217856978272
16 66 0.935875014606
16 67 0.841218244071
16 68 0.252777475111
16 69 0.035544951187
16 70 0.847691593060
16 71 0.825344360034
16 72 0.715327002251
16 73 0.702771990856
16 74 0.872496106576
16 75 0.566285445834
16 76 0.575823760133
16 77 0.048898696521
16 78 0.445268982376
16 79 0.701444115939
16 80 0.529983720317
16 81 0.666452550352
16 82 0.388847034498
16 83 0.904387239030
16 84 0.186636748849
16 85 0.233210883578
16 86 0.626304114903
16 87 0.484139596956
16 88 0.107359933090
16 89 0.858083623245
16 90 0.826944111654
16 91 0.971121756033
16 92 0.153300131340
16 93 0.201706177373
16 94 0.233410049403
16 95 0.276989021118
16 96 0.530967330236
16 97 0.645893550691
16 98 0.338695123003
16 99 0.209967143880
17 0 0.505443459062
17 1 0.619444022421
17 2 0.505598076901
17 3 0.099872168249
17 4 0.341401945668
17 5 0.732237261906
17 6 0.074776750144
17 7 0.757553070141
17 8 0.117885668437
17 9 0.697590149731
17 10 0.616835421791
17 11 0.694612805571
17 12 0.381106095779
17 13 0.356850783262
17 14 0.338431482505
17 15 0.238428872512
17 16 0.235794655910
17 17 0.020337363923
17 18 0.378188035273
17 19 0.693801731288
17 20 0.976247794830
17 21 0.420517034069
17 22 0.660044812852
17 23 0.407694326027
17 24 0.364244676711
17 25 0.053707832757
17 26 0.309102561140
17 27 0.761628321664
17 28 0.101236867302
17 29 0.726494215770
17 30 0.823346813832
17 31 0.104908658283
17 32 0.178576333646
17 33 0.416750499697
17 34 0.615419497479
17 35 0.008503358435
17 36 0.115419632474
17 37 0.120633969048
17 38 0.852882475400
17 39 0.275066768445
17 40 0.957433745330
17 41 0.908551632898
17 42 0.359245709049
17 43 0.590741358017
17 44 0.690661959420
17 45 0.647561684316
17 46 0.873486992501
17 47 0.921206012101
17 48 0.472871689131
17 49 0.955194640656
17 50 0.809635114713
17 51 0.557696385190
17 52 0.051521895250
17 53 0.574932718070
17 54 0.370679699768
17 55 0.636294339924
17 56 0.600725452227
17 57 0.084109511203
17 58 0.382267373573
17 59 0.679287631192
17 60 0.717802573710
17 61 0.913556351390
17 62 0.305312123022
17 63 0.241190364901
17 64 0.816016619794
17 65 0.632965121278
17 66 0.700991787080
17 67 0.559371632761
17 68 0.555583535978
17 69 0.091542543227
17 70 0.821372145291
17 71 0.268631138685
17 72 0.920752792770
17 73 0.417387283741
17 74 0.040519867501
17 75 0.542143068624
17 76 0.969228398744
17 77 0.814771780208
17 78 0.428531565530
17 79 0.048535758199
17 80 0.966155842227
17 81 0.872238261644
17 82 0.791773589772
17 83 0.816704152733
17 84 0.828619125147
17 85 0.966717881611
17 86 0.288108200569
17 87 0.827804917996
17 88 0.449769626141
17 89 0.751329251510
17 90 0.349368415362
17 91 0.013997480739
17 92 0.162884509780
17 93 0.583393753876
17 94 0.781750428816
17 95 0.070052886604
17 96 0.304966296895
17 97 0.499099455128
17 98 0.684588190292
17 99 0.431033159402
18 0 0.069073213824
18 1 0.983788465476
18 2 0.952006599195
18 3 0.122191698007
18 4 0.042979818197
18 5 0.015537214705
18 6 0.515241593920
18 7 0.446851945707
18 8 0.458545190470
18 9 0.980033586870
18 10 0.939681941302
18 11 0.166617910366
18 12 0.652941236172
18 13 0.224874567621
18 14 0.971379420398
18 15 0.893319622732
18 16 0.540947820977
18 17 0.526166365982
18 18 0.806791402272
18 19 0.950997441314
18 20 0.092140400563
18 21 0.775607397243
18 22 0.583139187358
18 23 0.147005522742
18 24 0.740307010140
18 25 0.481899719536
18 26 0.136158794764
18 27 0.122072077831
18 28 0.318823490623
18 29 0.466117629622
18 30 0.751892880706
18 31 0.805057768018
18 32 0.147462895198
18 33 0.677541522655
18 34 0.442686188665
18 35 0.884201879312
18 36 0.456277386980
18 37 0.627542685005
18 38 0.543595586589
18 39 0.698542220859
18 40 0.980269472609
18 41 0.361775806573
18 42 0.154301078404
18 43 0.727807409298
18 44 0.845322081438
18 45 0.086150691835
18 46 0.413281922007
18 47 0.403738753030
18 48 0.097162734795
18 49 0.365895042220
18 50 0.799501331601
18 51 0.862045165742
18 52 0.940719515129
18 53 0.777084451142
18 54 0.413258934924
18 55 0.508448176706
18 56 0.445165098556
18 57 0.434089703708
18 58 0.454553333686
18 59 0.700661516403
18 60 0.681941874161
18 61 0.855383909031
18 62 0.291576138775
18 63 0.995606802540
18 64 0.998892149437
18 65 0.486603773481
18 66 0.003542349481
18 67 0.689663533209
18 68 0.377778469654
18 69 0.284012771032
18 70 0.640565673061
18 71 0.339592242805
18 72 0.703915540167
18 73 0.646158715949
18 74 0.614623596901
18 75 0.324722496742
18 76 0.031986998630
18 77 0.425172969119
18 78 0.400036187313
18 79 0.618237990452
18 80 0.192176769610
18 81 0.734385729327
18 82 0.427091675721
18 83 0.238411615314
18 84 0.868075840267
18 85 0.783675356553
18 86 0.590967312643
18 87 0.071930281131
18 88 0.738186113385
18 89 0.351123930124
18 90 0.469848361905
18 91 0.470509649225
18 92 0.533488754552
18 93 0.632358339991
18 94 0.491337842487
18 95 0.789403234596
18 96 0.952582753901
18 97 0.918252657740
18 98 0.803348189749
18 99 0.160214931932
19 0 0.725094722125
19 1 0.526475053486
19 2 0.489088191682
19 3 0.318895919069
19 4 0.875275430181
19 5 0.054637025647
19 6 0.385944247152
19 7 0.044816994075
19 8 0.022432501054
19 9 0.909889268700
19 10 0.901277452753
19 11 0.100726976040
19 12 0.288251886744
19 13 0.649506709719
19 14 0.959909910909
19 15 0.766320768553
19 16 0.180680690287
19 17 0.813863736217
19 18 0.361958917366
19 19 0.269020826141
19 20 0.092107440082
19 21 0.000406537848
19 22 0.849268595692
19 23 0.043017141767
19 24 0.461647074958
19 25 0.631880886449
19 26 0.654446955880
19 27 0.142487067704
19 28 0.799908849935
19 29 0.069857366687
19 30 0.701345634057
19 31 0.804649768469
19 32 0.511165075143
19 33 0.904230953343
19 34 0.920575155156
19 35 0.113269024224
19 36 0.146800473962
19 37 0.622046544206
19 38 0.922482508027
19 39 0.712174118117
19 40 0.522880301222
19 41 0.109976628696
19 42 0.778170007342
19 43 0.393301023459
19 44 0.749247584600
19 45 0.141376717153
19 46 0.605337228490
19 47 0.842996765095
19 48 0.209611861664
19 49 0.898781668197
19 50 0.741968204796
19 51 0.447454545796
19 52 0.006339269785
19 53 0.934423617994
19 54 0.961847200773
19 55 0.858128452644
19 56 0.402845609954
19 57 0.207583654146
19 58 0.737969033464
19 59 0.833359573313
19 60 0.018413311557
19 61 0.145925472018
19 62 0.530681550351
19 63 0.517824179709
19 64 0.882282163577
19 65 0.198404513236
19 66 0.964671330610
19 67 0.576566574569
19 68 0.235633518734
19 69 0.715380897166
19 70 0.516067538208
19 71 0.123129479569
19 72 0.881832297958
19 73 0.725845182070
19 74 0.439424658532
19 75 0.734505481485
19 76 0.544198267894
19 77 0.985451124436
19 78 0.909077930059
19 79 0.901468103004
19 80 0.981371020179
19 81 0.117826003634
19 82 0.714959805572
19 83 0.965565594240
19 84 0.657788451689
19 85 0.753763141153
19 86 0.198038985746
19 87 0.694559225398
19 88 0.910372610359
19 89 0.983395750291
19 90 0.058005131329
19 91 0.287355299099
19 92 0.255645215250
19 93 0.017200203093
19 94 0.494330391717
19 95 0.416172337245
19 96 0.099727856306
19 97 0.378832608235
19 98 0.588966316990
19 99 0.886286498747
0 0 9
0 1 12
0 2 11
0 3 12
0 4 12
0 5 17
0 6 16
0 7 16
0 8 17
0 9 16
0 10 13
0 11 15
0 12 8
0 13 14
0 14 12
0 15 17
0 16 13
0 17 8
0 18 9
0 19 9
0 20 15
0 21 15
0 22 18
0 23 16
0 24 14
0 25 17
0 26 13
0 27 12
0 28 15
0 29 14
0 30 17
0 31 17
0 32 17
0 33 20
0 34 13
0 35 13
0 36 17
0 37 14
0 38 19
0 39 9
0 40 10
0 41 19
0 42 14
0 43 10
0 44 9
0 45 10
0 46 15
0 47 14
0 48 16
0 49 16
0 50 11
0 51 11
0 52 19
0 53 15
0 54 12
0 55 10
0 56 13
0 57 14
0 58 10
0 59 12
0 60 13
0 61 12
0 62 13
0 63 13
0 64 9
0 65 20
0 66 12
0 67 13
0 68 12
0 69 11
0 70 8
0 71 15
0 72 19
0 73 19
0 74 17
0 75 13
0 76 8
0 77 15
0 78 16
0 79 9
0 80 10
0 81 11
0 82 13
0 83 16
0 84 10
0 85 11
0 86 15
0 87 16
0 88 18
0 89 18
0 90 15
0 91 20
0 92 8
0 93 18
0 94 19
0 95 14
0 96 11
0 97 13
0 98 14
0 99 11
1 0 6
1 1 11
1 2 9
1 3 8
1 4 8
1 5 17
1 6 15
1 7 15
1 8 16
1 9 13
1 10 12
1 11 15
1 12 6
1 13 13
1 14 9
1 15 13
1 16 9
1 17 7
1 18 6
1 19 8
1 20 12
1 21 13
1 22 15
1 23 13
1 24 12
1 25 15
1 26 9
1 27 10
1 28 14
1 29 11
1 30 14
1 31 15
1 32 13
1 33 17
1 34 10
1 35 11
1 36 14
1 37 11
1 38 16
1 39 7
1 40 7
1 41 15
1 42 12
1 43 7
1 44 8
1 45 8
1 46 11
1 47 13
1 48 15
1 49 13
1 50 10
1 51 10
1 52 16
1 53 14
1 54 10
1 55 9
1 56 11
1 57 13
1 58 8
1 59 10
1 60 12
1 61 9
1 62 12
1 63 11
1 64 8
1 65 16
1 66 9
1 67 12
1 68 11
1 69 10
1 70 6
1 71 14
1 72 18
1 73 16
1 74 14
1 75 11
1 76 6
1 77 12
1 78 16
1 79 8
1 80 7
1 81 8
1 82 10
1 83 14
1 84 7
1 85 9
1 86 11
1 87 15
1 88 16
1 89 16
1 90 11
1 91 18
1 92 8
1 93 15
1 94 17
1 95 12
1 96 9
1 97 13
1 98 13
1 99 10
2 0 10
2 1 12
2 2 12
2 3 10
2 4 10
2 5 17
2 6 16
2 7 18
2 8 18
2 9 17
2 10 14
2 11 15
2 12 10
2 13 16
2 14 12
2 15 17
2 16 13
2 17 10
2 18 9
2 19 10
2 20 15
2 21 16
2 22 17
2 23 17
2 24 12
2 25 17
2 26 13
2 27 10
2 28 14
2 29 13
2 30 17
2 31 16
2 32 16
2 33 19
2 34 11
2 35 15
2 36 16
2 37 15
2 38 17
2 39 8
2 40 11
2 41 19
2 42 15
2 43 9
2 44 10
2 45 10
2 46 14
2 47 14
2 48 16
2 49 14
2 50 13
2 51 13
2 52 19
2 53 17
2 54 12
2 55 10
2 56 12
2 57 14
2 58 10
2 59 13
2 60 14
2 61 13
2 62 12
2 63 14
2 64 9
2 65 19
2 66 12
2 67 14
2 68 12
2 69 10
2 70 8
2 71 15
2 72 20
2 73 17
2 74 16
2 75 12
2 76 8
2 77 15
2 78 18
2 79 10
2 80 10
2 81 12
2 82 12
2 83 16
2 84 8
2 85 13
2 86 14
2 87 16
2 88 17
2 89 17
2 90 15
2 91 19
2 92 10
2 93 16
2 94 18
2 95 14
2 96 12
2 97 13
2 98 16
2 99 13
3 0 9
3 1 13
3 2 12
3 3 11
3 4 11
3 5 17
3 6 17
3 7 17
3 8 18
3 9 15
3 10 14
3 11 15
3 12 10
3 13 14
3 14 10
3 15 17
3 16 11
3 17 8
3 18 9
3 19 8
3 20 14
3 21 16
3 22 17
3 23 15
3 24 12
3 25 18
3 26 11
3 27 10
3 28 14
3 29 13
3 30 17
3 31 15
3 32 16
3 33 20
3 34 13
3 35 15
3 36 17
3 37 15
3 38 17
3 39 9
3 40 9
3 41 17
3 42 16
3 43 10
3 44 10
3 45 11
3 46 15
3 47 14
3 48 16
3 49 15
3 50 13
3 51 13
3 52 18
3 53 16
3 54 10
3 55 9
3 56 13
3 57 14
3 58 8
3 59 12
3 60 12
3 61 11
3 62 14
3 63 12
3 64 8
3 65 18
3 66 12
3 67 12
3 68 13
3 69 11
3 70 9
3 71 16
3 72 18
3 73 18
3 74 18
3 75 13
3 76 9
3 77 13
3 78 17
3 79 10
3 80 11
3 81 12
3 82 13
3 83 17
3 84 10
3 85 13
3 86 15
3 87 16
3 88 18
3 89 18
3 90 13
3 91 20
3 92 10
3 93 16
3 94 18
3 95 15
3 96 13
3 97 15
3 98 16
3 99 12
4 0 8
4 1 11
4 2 8
4 3 9
4 4 9
4 5 15
4 6 16
4 7 16
4 8 16
4 9 13
4 10 10
4 11 14
4 12 8
4 13 13
4 14 9
4 15 15
4 16 11
4 17 8
4 18 7
4 19 8
4 20 12
4 21 14
4 22 17
4 23 14
4 24 11
4 25 16
4 26 9
4 27 8
4 28 14
4 29 13
4 30 15
4 31 15
4 32 13
4 33 16
4 34 11
4 35 12
4 36 13
4 37 13
4 38 15
4 39 8
4 40 7
4 41 17
4 42 13
4 43 6
4 44 9
4 45 9
4 46 13
4 47 12
4 48 15
4 49 12
4 50 9
4 51 9
4 52 18
4 53 15
4 54 10
4 55 7
4 56 11
4 57 12
4 58 6
4 59 12
4 60 12
4 61 11
4 62 11
4 63 10
4 64 7
4 65 16
4 66 9
4 67 11
4 68 11
4 69 10
4 70 8
4 71 14
4 72 16
4 73 17
4 74 16
4 75 10
4 76 7
4 77 11
4 78 15
4 79 9
4 80 7
4 81 9
4 82 9
4 83 15
4 84 6
4 85 10
4 86 11
4 87 16
4 88 15
4 89 17
4 90 12
4 91 16
4 92 7
4 93 14
4 94 18
4 95 11
4 96 9
4 97 11
4 98 12
4 99 11
5 0 7
5 1 10
5 2 9
5 3 9
5 4 10
5 5 18
5 6 16
5 7 17
5 8 18
5 9 14
5 10 11
5 11 15
5 12 7
5 13 13
5 14 10
5 15 14
5 16 12
5 17 8
5 18 9
5 19 8
5 20 14
5 21 16
5 22 16
5 23 16
5 24 13
5 25 16
5 26 10
5 27 10
5 28 13
5 29 13
5 30 15
5 31 15
5 32 16
5 33 17
5 34 10
5 35 14
5 36 16
5 37 14
5 38 16
5 39 7
5 40 10
5 41 16
5 42 13
5 43 9
5 44 9
5 45 9
5 46 14
5 47 14
5 48 16
5 49 14
5 50 11
5 51 10
5 52 18
5 53 15
5 54 9
5 55 10
5 56 11
5 57 14
5 58 7
5 59 12
5 60 12
5 61 12
5 62 11
5 63 12
5 64 7
5 65 18
5 66 10
5 67 13
5 68 11
5 69 11
5 70 7
5 71 15
5 72 18
5 73 18
5 74 16
5 75 11
5 76 7
5 77 12
5 78 15
5 79 8
5 80 9
5 81 9
5 82 10
5 83 15
5 84 8
5 85 11
5 86 12
5 87 15
5 88 18
5 89 16
5 90 12
5 91 19
5 92 9
5 93 16
5 94 18
5 95 12
5 96 10
5 97 12
5 98 15
5 99 12
6 0 8
6 1 10
6 2 9
6 3 10
6 4 10
6 5 15
6 6 14
6 7 15
6 8 16
6 9 15
6 10 12
6 11 13
6 12 8
6 13 14
6 14 10
6 15 13
6 16 11
6 17 8
6 18 7
6 19 7
6 20 13
6 21 14
6 22 15
6 23 13
6 24 10
6 25 15
6 26 10
6 27 8
6 28 12
6 29 13
6 30 15
6 31 13
6 32 13
6 33 16
6 34 9
6 35 13
6 36 15
6 37 11
6 38 17
6 39 8
6 40 9
6 41 17
6 42 13
6 43 8
6 44 7
6 45 10
6 46 12
6 47 12
6 48 16
6 49 13
6 50 11
6 51 9
6 52 16
6 53 13
6 54 10
6 55 9
6 56 10
6 57 13
6 58 6
6 59 10
6 60 10
6 61 11
6 62 10
6 63 12
6 64 7
6 65 17
6 66 11
6 67 11
6 68 11
6 69 9
6 70 6
6 71 15
6 72 16
6 73 17
6 74 15
6 75 9
6 76 8
6 77 11
6 78 14
6 79 7
6 80 9
6 81 10
6 82 11
6 83 13
6 84 6
6 85 9
6 86 13
6 87 14
6 88 15
6 89 16
6 90 12
6 91 16
6 92 6
6 93 14
6 94 18
6 95 11
6 96 9
6 97 12
6 98 12
6 99 11
7 0 6
7 1 9
7 2 7
7 3 7
7 4 7
7 5 14
7 6 15
7 7 15
7 8 14
7 9 13
7 10 9
7 11 13
7 12 7
7 13 11
7 14 8
7 15 13
7 16 8
7 17 5
7 18 5
7 19 6
7 20 13
7 21 12
7 22 14
7 23 12
7 24 11
7 25 15
7 26 8
7 27 7
7 28 13
7 29 10
7 30 15
7 31 13
7 32 13
7 33 15
7 34 9
7 35 11
7 36 12
7 37 12
7 38 16
7 39 6
7 40 8
7 41 15
7 42 13
7 43 7
7 44 8
7 45 9
7 46 12
7 47 11
7 48 14
7 49 12
7 50 10
7 51 10
7 52 15
7 53 13
7 54 7
7 55 8
7 56 10
7 57 13
7 58 5
7 59 11
7 60 10
7 61 10
7 62 10
7 63 10
7 64 5
7 65 17
7 66 8
7 67 9
7 68 10
7 69 8
7 70 5
7 71 14
7 72 17
7 73 16
7 74 13
7 75 9
7 76 5
7 77 12
7 78 14
7 79 6
7 80 6
7 81 8
7 82 9
7 83 14
7 84 6
7 85 9
7 86 11
7 87 15
7 88 16
7 89 14
7 90 12
7 91 15
7 92 6
7 93 15
7 94 17
7 95 10
7 96 10
7 97 10
7 98 11
7 99 10
8 0 8
8 1 9
8 2 8
8 3 10
8 4 9
8 5 16
8 6 15
8 7 16
8 8 16
8 9 14
8 10 10
8 11 15
8 12 6
8 13 13
8 14 9
8 15 14
8 16 9
8 17 8
8 18 8
8 19 7
8 20 12
8 21 13
8 22 15
8 23 15
8 24 12
8 25 15
8 26 10
8 27 9
8 28 13
8 29 12
8 30 15
8 31 14
8 32 14
8 33 16
8 34 11
8 35 13
8 36 15
8 37 12
8 38 15
8 39 8
8 40 9
8 41 16
8 42 14
8 43 7
8 44 8
8 45 8
8 46 13
8 47 12
8 48 15
8 49 12
8 50 10
8 51 9
8 52 17
8 53 14
8 54 8
8 55 7
8 56 9
8 57 12
8 58 6
8 59 12
8 60 11
8 61 10
8 62 10
8 63 12
8 64 7
8 65 17
8 66 11
8 67 11
8 68 12
8 69 8
8 70 6
8 71 13
8 72 18
8 73 15
8 74 14
8 75 9
8 76 6
8 77 11
8 78 15
8 79 7
8 80 8
8 81 9
8 82 9
8 83 13
8 84 8
8 85 10
8 86 12
8 87 16
8 88 15
8 89 15
8 90 11
8 91 16
8 92 6
8 93 15
8 94 18
8 95 11
8 96 11
8 97 12
8 98 13
8 99 10
9 0 5
9 1 9
9 2 9
9 3 8
9 4 9
9 5 16
9 6 14
9 7 14
9 8 16
9 9 14
9 10 10
9 11 14
9 12 5
9 13 12
9 14 9
9 15 13
9 16 10
9 17 6
9 18 7
9 19 7
9 20 11
9 21 12
9 22 14
9 23 14
9 24 10
9 25 16
9 26 9
9 27 8
9 28 13
9 29 10
9 30 15
9 31 14
9 32 12
9 33 17
9 34 9
9 35 11
9 36 14
9 37 12
9 38 15
9 39 7
9 40 8
9 41 15
9 42 12
9 43 6
9 44 6
9 45 8
9 46 11
9 47 11
9 48 15
9 49 12
9 50 10
9 51 9
9 52 16
9 53 12
9 54 7
9 55 8
9 56 9
9 57 12
9 58 5
9 59 10
9 60 11
9 61 8
9 62 11
9 63 9
9 64 6
9 65 15
9 66 10
9 67 11
9 68 10
9 69 7
9 70 5
9 71 13
9 72 15
9 73 16
9 74 15
9 75 10
9 76 5
9 77 12
9 78 15
9 79 8
9 80 8
9 81 9
9 82 9
9 83 14
9 84 5
9 85 8
9 86 10
9 87 14
9 88 15
9 89 16
9 90 12
9 91 15
9 92 5
9 93 15
9 94 17
9 95 12
9 96 9
9 97 12
9 98 12
9 99 9
10 0 9
10 1 12
10 2 10
10 3 11
10 4 11
10 5 19
10 6 16
10 7 17
10 8 17
10 9 15
10 10 14
10 11 16
10 12 10
10 13 14
10 14 11
10 15 15
10 16 12
10 17 9
10 18 10
10 19 10
10 20 16
10 21 17
10 22 19
10 23 15
10 24 12
10 25 19
10 26 13
10 27 10
10 28 14
10 29 13
10 30 17
10 31 17
10 32 15
10 33 18
10 34 11
10 35 14
10 36 16
10 37 14
10 38 19
10 39 9
10 40 9
10 41 19
10 42 16
10 43 8
10 44 11
10 45 12
10 46 13
10 47 14
10 48 18
10 49 14
10 50 11
10 51 12
10 52 18
10 53 15
10 54 10
10 55 9
10 56 12
10 57 15
10 58 10
10 59 13
10 60 13
10 61 13
10 62 13
10 63 12
10 64 9
10 65 20
10 66 12
10 67 14
10 68 12
10 69 10
10 70 10
10 71 17
10 72 19
10 73 19
10 74 18
10 75 13
10 76 10
10 77 14
10 78 17
10 79 9
10 80 11
10 81 10
10 82 11
10 83 15
10 84 8
10 85 12
10 86 13
10 87 16
10 88 17
10 89 18
10 90 14
10 91 18
10 92 8
10 93 16
10 94 18
10 95 15
10 96 13
10 97 15
10 98 15
10 99 11
11 0 10
11 1 12
11 2 10
11 3 10
11 4 12
11 5 18
11 6 18
11 7 17
11 8 17
11 9 16
11 10 14
11 11 15
11 12 8
11 13 14
11 14 12
11 15 16
11 16 12
11 17 8
11 18 8
11 19 9
11 20 15
11 21 16
11 22 17
11 23 16
11 24 14
11 25 19
11 26 12
11 27 11
11 28 16
11 29 14
11 30 18
11 31 17
11 32 17
11 33 18
11 34 11
11 35 13
11 36 15
11 37 15
11 38 19
11 39 10
11 40 11
11 41 19
11 42 16
11 43 9
11 44 11
11 45 10
11 46 13
11 47 14
11 48 17
11 49 16
11 50 11
11 51 11
11 52 20
11 53 17
11 54 12
11 55 9
11 56 11
11 57 14
11 58 9
11 59 14
11 60 14
11 61 12
11 62 14
11 63 12
11 64 10
11 65 18
11 66 11
11 67 13
11 68 14
11 69 11
11 70 10
11 71 16
11 72 18
11 73 17
11 74 17
11 75 12
11 76 10
11 77 13
11 78 18
11 79 10
11 80 11
11 81 10
11 82 12
11 83 16
11 84 8
11 85 11
11 86 13
11 87 16
11 88 17
11 89 19
11 90 15
11 91 18
11 92 10
11 93 16
11 94 19
11 95 13
11 96 13
11 97 15
11 98 16
11 99 12
12 0 8
12 1 13
12 2 11
12 3 12
12 4 12
12 5 19
12 6 16
12 7 16
12 8 19
12 9 16
12 10 12
12 11 16
12 12 10
12 13 14
12 14 12
12 15 15
12 16 13
12 17 9
12 18 8
12 19 8
12 20 15
12 21 17
12 22 19
12 23 15
12 24 13
12 25 17
12 26 11
12 27 10
12 28 16
12 29 14
12 30 18
12 31 15
12 32 15
12 33 19
12 34 11
12 35 15
12 36 15
12 37 14
12 38 17
12 39 9
12 40 11
12 41 17
12 42 16
12 43 8
12 44 11
12 45 11
12 46 14
12 47 16
12 48 18
12 49 15
12 50 11
12 51 11
12 52 19
12 53 17
12 54 12
12 55 11
12 56 12
12 57 16
12 58 10
12 59 14
12 60 13
12 61 13
12 62 14
12 63 12
12 64 8
12 65 19
12 66 12
12 67 13
12 68 12
12 69 10
12 70 10
12 71 17
12 72 20
12 73 18
12 74 16
12 75 12
12 76 10
12 77 15
12 78 17
12 79 11
12 80 11
12 81 11
12 82 13
12 83 17
12 84 8
12 85 12
12 86 15
12 87 17
12 88 19
12 89 17
12 90 13
12 91 19
12 92 8
12 93 17
12 94 18
12 95 13
12 96 11
12 97 15
12 98 16
12 99 11
13 0 9
13 1 12
13 2 11
13 3 11
13 4 12
13 5 17
13 6 18
13 7 17
13 8 19
13 9 16
13 10 12
13 11 16
13 12 10
13 13 14
13 14 11
13 15 17
13 16 12
13 17 10
13 18 8
13 19 10
13 20 14
13 21 15
13 22 19
13 23 17
13 24 13
13 25 17
13 26 11
13 27 10
13 28 16
13 29 15
13 30 16
13 31 15
13 32 15
13 33 18
13 34 12
13 35 14
13 36 16
13 37 15
13 38 18
13 39 8
13 40 10
13 41 17
13 42 16
13 43 9
13 44 9
13 45 10
13 46 15
13 47 16
13 48 16
13 49 15
13 50 13
13 51 12
13 52 19
13 53 15
13 54 11
13 55 9
13 56 13
13 57 15
13 58 10
13 59 13
13 60 13
13 61 13
13 62 14
13 63 14
13 64 8
13 65 18
13 66 12
13 67 12
13 68 13
13 69 10
13 70 8
13 71 17
13 72 20
13 73 19
13 74 16
13 75 12
13 76 10
13 77 15
13 78 16
13 79 11
13 80 9
13 81 11
13 82 11
13 83 15
13 84 8
13 85 11
13 86 15
13 87 18
13 88 17
13 89 18
13 90 14
13 91 20
13 92 9
13 93 16
13 94 18
13 95 15
13 96 11
13 97 15
13 98 14
13 99 13
14 0 6
14 1 10
14 2 9
14 3 8
14 4 7
14 5 15
14 6 15
14 7 13
14 8 16
14 9 14
14 10 11
14 11 13
14 12 5
14 13 13
14 14 7
14 15 14
14 16 8
14 17 5
14 18 7
14 19 6
14 20 13
14 21 14
14 22 14
14 23 13
14 24 11
14 25 15
14 26 8
14 27 7
14 28 11
14 29 12
14 30 15
14 31 14
14 32 12
14 33 17
14 34 8
14 35 11
14 36 12
14 37 11
14 38 16
14 39 7
14 40 7
14 41 15
14 42 11
14 43 6
14 44 8
14 45 7
14 46 12
14 47 11
14 48 14
14 49 11
14 50 10
14 51 8
14 52 15
14 53 14
14 54 8
14 55 7
14 56 10
14 57 13
14 58 7
14 59 9
14 60 9
14 61 8
14 62 10
14 63 11
14 64 6
14 65 16
14 66 8
14 67 10
14 68 10
14 69 9
14 70 5
14 71 12
14 72 16
14 73 15
14 74 14
14 75 8
14 76 5
14 77 12
14 78 15
14 79 7
14 80 7
14 81 8
14 82 10
14 83 14
14 84 6
14 85 10
14 86 10
14 87 15
14 88 14
14 89 16
14 90 12
14 91 16
14 92 7
14 93 13
14 94 16
14 95 11
14 96 9
14 97 10
14 98 13
14 99 10
15 0 9
15 1 12
15 2 12
15 3 12
15 4 11
15 5 19
15 6 18
15 7 18
15 8 17
15 9 16
15 10 13
15 11 15
15 12 10
15 13 16
15 14 12
15 15 15
15 16 12
15 17 10
15 18 9
15 19 9
15 20 14
15 21 15
15 22 19
15 23 15
15 24 14
15 25 17
15 26 11
15 27 10
15 28 14
15 29 13
15 30 16
15 31 17
15 32 16
15 33 18
15 34 13
15 35 13
15 36 17
15 37 15
15 38 17
15 39 10
15 40 10
15 41 17
15 42 14
15 43 8
15 44 9
15 45 10
15 46 15
15 47 14
15 48 18
15 49 16
15 50 13
15 51 13
15 52 19
15 53 15
15 54 12
15 55 10
15 56 12
15 57 16
15 58 9
15 59 14
15 60 13
15 61 11
15 62 13
15 63 12
15 64 8
15 65 20
15 66 12
15 67 12
15 68 12
15 69 11
15 70 9
15 71 16
15 72 20
15 73 18
15 74 17
15 75 11
15 76 9
15 77 14
15 78 18
15 79 10
15 80 11
15 81 12
15 82 13
15 83 15
15 84 8
15 85 11
15 86 15
15 87 16
15 88 18
15 89 17
15 90 14
15 91 18
15 92 8
15 93 18
15 94 18
15 95 13
15 96 11
15 97 13
15 98 16
15 99 11
16 0 6
16 1 8
16 2 7
16 3 7
16 4 9
16 5 15
16 6 13
16 7 14
16 8 14
16 9 14
16 10 11
16 11 14
16 12 6
16 13 12
16 14 8
16 15 13
16 16 8
16 17 7
16 18 5
16 19 6
16 20 13
16 21 13
16 22 16
16 23 12
16 24 11
16 25 16
16 26 8
16 27 8
16 28 11
16 29 10
16 30 15
16 31 12
16 32 12
16 33 16
16 34 10
16 35 10
16 36 13
16 37 11
16 38 15
16 39 7
16 40 6
16 41 14
16 42 12
16 43 7
16 44 7
16 45 9
16 46 10
16 47 12
16 48 15
16 49 12
16 50 10
16 51 8
16 52 16
16 53 13
16 54 8
16 55 8
16 56 10
16 57 13
16 58 6
16 59 9
16 60 10
16 61 10
16 62 11
16 63 9
16 64 5
16 65 15
16 66 9
16 67 11
16 68 11
16 69 9
16 70 5
16 71 14
16 72 17
16 73 16
16 74 14
16 75 9
16 76 5
16 77 11
16 78 15
16 79 7
16 80 7
16 81 9
16 82 9
16 83 14
16 84 6
16 85 10
16 86 10
16 87 14
16 88 14
16 89 14
16 90 10
16 91 17
16 92 6
16 93 15
16 94 17
16 95 12
16 96 9
16 97 11
16 98 12
16 99 8
17 0 8
17 1 11
17 2 10
17 3 8
17 4 10
17 5 17
17 6 15
17 7 16
17 8 16
17 9 14
17 10 10
17 11 15
17 12 6
17 13 14
17 14 8
17 15 15
17 16 11
17 17 7
17 18 7
17 19 8
17 20 14
17 21 13
17 22 16
17 23 14
17 24 10
17 25 17
17 26 11
17 27 8
17 28 13
17 29 11
17 30 15
17 31 14
17 32 14
17 33 18
17 34 10
17 35 12
17 36 15
17 37 11
17 38 16
17 39 7
17 40 8
17 41 15
17 42 13
17 43 8
17 44 7
17 45 10
17 46 12
17 47 12
17 48 15
17 49 12
17 50 11
17 51 10
17 52 16
17 53 14
17 54 10
17 55 7
17 56 10
17 57 13
17 58 7
17 59 12
17 60 12
17 61 9
17 62 11
17 63 12
17 64 6
17 65 16
17 66 9
17 67 12
17 68 12
17 69 9
17 70 6
17 71 15
17 72 16
17 73 16
17 74 15
17 75 9
17 76 7
17 77 11
17 78 15
17 79 7
17 80 8
17 81 9
17 82 10
17 83 13
17 84 7
17 85 10
17 86 11
17 87 14
17 88 17
17 89 16
17 90 11
17 91 16
17 92 8
17 93 16
17 94 18
17 95 11
17 96 10
17 97 12
17 98 13
17 99 10
18 0 8
18 1 12
18 2 9
18 3 9
18 4 9
18 5 18
18 6 17
18 7 17
18 8 17
18 9 16
18 10 12
18 11 15
18 12 9
18 13 14
18 14 11
18 15 15
18 16 10
18 17 7
18 18 7
18 19 8
18 20 13
18 21 16
18 22 18
18 23 14
18 24 11
18 25 18
18 26 11
18 27 9
18 28 13
18 29 12
18 30 15
18 31 15
18 32 14
18 33 19
18 34 10
18 35 12
18 36 15
18 37 13
18 38 17
18 39 8
18 40 10
18 41 16
18 42 13
18 43 9
18 44 10
18 45 10
18 46 13
18 47 15
18 48 17
18 49 15
18 50 10
18 51 10
18 52 17
18 53 14
18 54 11
18 55 10
18 56 10
18 57 15
18 58 9
18 59 12
18 60 11
18 61 11
18 62 13
18 63 12
18 64 7
18 65 19
18 66 11
18 67 13
18 68 12
18 69 11
18 70 7
18 71 15
18 72 17
18 73 18
18 74 17
18 75 11
18 76 7
18 77 14
18 78 15
18 79 9
18 80 8
18 81 11
18 82 10
18 83 15
18 84 7
18 85 12
18 86 13
18 87 15
18 88 16
18 89 18
18 90 12
18 91 19
18 92 9
18 93 15
18 94 19
18 95 12
18 96 10
18 97 13
18 98 15
18 99 11
19 0 9
19 1 10
19 2 10
19 3 9
19 4 10
19 5 18
19 6 17
19 7 17
19 8 18
19 9 14
19 10 13
19 11 16
19 12 7
19 13 13
19 14 9
19 15 16
19 16 12
19 17 7
19 18 9
19 19 9
19 20 13
19 21 15
19 22 17
19 23 15
19 24 13
19 25 18
19 26 11
19 27 11
19 28 15
19 29 13
19 30 17
19 31 16
19 32 14
19 33 19
19 34 10
19 35 13
19 36 16
19 37 14
19 38 16
19 39 7
19 40 8
19 41 18
19 42 15
19 43 8
19 44 9
19 45 9
19 46 14
19 47 14
19 48 15
19 49 14
19 50 10
19 51 11
19 52 17
19 53 14
19 54 11
19 55 8
19 56 11
19 57 13
19 58 8
19 59 11
19 60 11
19 61 10
19 62 12
19 63 12
19 64 9
19 65 18
19 66 11
19 67 11
19 68 13
19 69 10
19 70 7
19 71 16
19 72 18
19 73 17
19 74 16
19 75 11
19 76 7
19 77 13
19 78 16
19 79 8
19 80 9
19 81 9
19 82 10
19 83 15
19 84 7
19 85 11
19 86 14
19 87 17
19 88 17
19 89 17
19 90 13
19 91 17
19 92 9
19 93 16
19 94 19
19 95 14
19 96 12
19 97 14
19 98 15
19 99 11
