20 50 10 1 2.0 1.0 1.5 95
9 46 8
5 60 12
6 23 13
5 14 14
2 93 14
4 96 12
3 95 11
0 50 11
7 35 6
8 44 12
2 16 5
1 30 8
1 76 14
6 33 9
0 44 9
7 42 12
8 57 10
2 96 9
0 16 13
3 79 15
2 28 14
5 91 9
1 99 12
8 60 8
6 81 6
0 36 5
7 35 8
3 86 6
3 56 9
1 49 13
3 49 11
8 95 15
6 70 15
9 90 5
1 43 14
8 26 8
9 88 15
2 71 13
6 60 9
4 95 14
4 57 7
9 2 14
5 10 11
4 94 10
7 60 5
4 41 13
0 46 14
5 66 12
7 19 11
9 56 10
0 0 0.133567545415
0 1 0.686434108357
0 2 0.672141621097
0 3 0.441923007737
0 4 0.956819975225
0 5 0.553386992914
0 6 0.607023077438
0 7 0.106387707050
0 8 0.797508683427
0 9 0.918286965340
0 10 0.766764263952
0 11 0.634451292584
0 12 0.973301248390
0 13 0.050651932495
0 14 0.682600022592
0 15 0.050654284555
0 16 0.713359664110
0 17 0.052910850153
0 18 0.161112973249
0 19 0.540481054008
0 20 0.451894824784
0 21 0.238138607784
0 22 0.802927706562
0 23 0.183235746634
0 24 0.758718224201
0 25 0.638569126508
0 26 0.946916566174
0 27 0.261920436045
0 28 0.320938721882
0 29 0.469969400512
0 30 0.013912156715
0 31 0.066807816207
0 32 0.387506224398
0 33 0.294059118001
0 34 0.944498686780
0 35 0.181182037477
0 36 0.597037062487
0 37 0.198537035240
0 38 0.664895077060
0 39 0.117737726887
0 40 0.743347447628
0 41 0.042766423381
0 42 0.054206899506
0 43 0.208437053113
0 44 0.821564105346
0 45 0.111289593267
0 46 0.615921037140
0 47 0.628318534532
0 48 0.285641234391
0 49 0.414380825059
1 0 0.365895042220
1 1 0.727807409298
1 2 0.980033586870
1 3 0.799501331601
1 4 0.413281922007
1 5 0.318823490623
1 6 0.590967312643
1 7 0.031986998630
1 8 0.086150691835
1 9 0.015537214705
1 10 0.980269472609
1 11 0.893319622732
1 12 0.470509649225
1 13 0.147462895198
1 14 0.456277386980
1 15 0.092140400563
1 16 0.042979818197
1 17 0.971379420398
1 18 0.738186113385
1 19 0.238411615314
1 20 0.918252657740
1 21 0.855383909031
1 22 0.400036187313
1 23 0.540947820977
1 24 0.515241593920
1 25 0.446851945707
1 26 0.789403234596
1 27 0.486603773481
1 28 0.698542220859
1 29 0.160214931932
1 30 0.983788465476
1 31 0.751892880706
1 32 0.543595586589
1 33 0.122191698007
1 34 0.284012771032
1 35 0.884201879312
1 36 0.939681941302
1 37 0.122072077831
1 38 0.434089703708
1 39 0.868075840267
1 40 0.224874567621
1 41 0.806791402272
1 42 0.377778469654
1 43 0.291576138775
1 44 0.740307010140
1 45 0.777084451142
1 46 0.700661516403
1 47 0.192176769610
1 48 0.491337842487
1 49 0.454553333686
2 0 0.829774808496
2 1 0.621795466141
2 2 0.326292586413
2 3 0.260870273755
2 4 0.606665938185
2 5 0.834183599458
2 6 0.687347116796
2 7 0.981705845970
2 8 0.570015927591
2 9 0.908081906706
2 10 0.758867578609
2 11 0.742519414072
2 12 0.587651491236
2 13 0.885210949909
2 14 0.013316165577
2 15 0.957033688507
2 16 0.895819059850
2 17 0.195448018433
2 18 0.841404890380
2 19 0.567474200479
2 20 0.959415010144
2 21 0.361613630398
2 22 0.436664643081
2 23 0.480376252415
2 24 0.717926162950
2 25 0.447208587372
2 26 0.425410433327
2 27 0.331588946361
2 28 0.331029263274
2 29 0.929486768736
2 30 0.636143365920
2 31 0.250092177575
2 32 0.523526568964
2 33 0.991391145833
2 34 0.282607991168
2 35 0.637325957444
2 36 0.757010887328
2 37 0.367941765617
2 38 0.543368652161
2 39 0.228970069849
2 40 0.849361438831
2 41 0.956151529036
2 42 0.392624577493
2 43 0.056162920989
2 44 0.015262659762
2 45 0.586495234493
2 46 0.670132800438
2 47 0.561366082802
2 48 0.596779578592
2 49 0.763504251147
3 0 0.937028578836
3 1 0.964727069826
3 2 0.106534229554
3 3 0.217787752173
3 4 0.638218590416
3 5 0.358611687926
3 6 0.287500195412
3 7 0.651643463993
3 8 0.502336220044
3 9 0.170530283234
3 10 0.887724898331
3 11 0.545847500641
3 12 0.174932609575
3 13 0.009532588061
3 14 0.013347642547
3 15 0.569271859813
3 16 0.136964521451
3 17 0.147094188353
3 18 0.190652623228
3 19 0.268953866855
3 20 0.745474391387
3 21 0.201064782869
3 22 0.204218989483
3 23 0.454233455401
3 24 0.580241176531
3 25 0.447653417750
3 26 0.095667146402
3 27 0.334551937064
3 28 0.460663461051
3 29 0.196480358511
3 30 0.066360670339
3 31 0.421599566826
3 32 0.834203756740
3 33 0.586833109993
3 34 0.679417716689
3 35 0.853920231273
3 36 0.682780374451
3 37 0.817923351811
3 38 0.506477894383
3 39 0.688679115017
3 40 0.329702265157
3 41 0.158535446147
3 42 0.984823425210
3 43 0.660114726613
3 44 0.943396764555
3 45 0.181651199914
3 46 0.007500974501
3 47 0.515686317110
3 48 0.695078470344
3 49 0.351073600113
4 0 0.020789737100
4 1 0.570701955371
4 2 0.436055545818
4 3 0.959641398786
4 4 0.270853181765
4 5 0.298511065420
4 6 0.721308280838
4 7 0.249702624926
4 8 0.635640590431
4 9 0.317164857222
4 10 0.807334679389
4 11 0.883995830336
4 12 0.670549702022
4 13 0.824653750282
4 14 0.463350770992
4 15 0.685367122916
4 16 0.922153655101
4 17 0.206551730268
4 18 0.172835597192
4 19 0.375684671929
4 20 0.995563654195
4 21 0.568496499600
4 22 0.507422565448
4 23 0.720445194216
4 24 0.698927145428
4 25 0.336149512892
4 26 0.793228603894
4 27 0.538936592406
4 28 0.798595084873
4 29 0.730949124574
4 30 0.895928737890
4 31 0.715321602113
4 32 0.649384725763
4 33 0.453533596463
4 34 0.065519917077
4 35 0.659951985712
4 36 0.128911303877
4 37 0.103972095916
4 38 0.114824428431
4 39 0.811664006269
4 40 0.654609904265
4 41 0.400380491643
4 42 0.441602659890
4 43 0.349557964526
4 44 0.278155411763
4 45 0.096825438499
4 46 0.541646430051
4 47 0.260205231408
4 48 0.146970214441
4 49 0.538130303711
5 0 0.536867014901
5 1 0.168352011869
5 2 0.680277276581
5 3 0.980866016832
5 4 0.247561253368
5 5 0.273463935919
5 6 0.492778235436
5 7 0.569876783881
5 8 0.763587459290
5 9 0.713382132928
5 10 0.951270237537
5 11 0.631863613043
5 12 0.586860679065
5 13 0.129437354165
5 14 0.940214117977
5 15 0.881410857005
5 16 0.739756116265
5 17 0.556668255672
5 18 0.094149962307
5 19 0.353720437984
5 20 0.069782565650
5 21 0.601633398952
5 22 0.919796845663
5 23 0.921071765257
5 24 0.343015278637
5 25 0.752506402360
5 26 0.855987974104
5 27 0.680454458817
5 28 0.758365365856
5 29 0.001737165664
5 30 0.924737292224
5 31 0.450583487306
5 32 0.457092516421
5 33 0.366035065825
5 34 0.953493320134
5 35 0.882335824115
5 36 0.926402656972
5 37 0.414778000963
5 38 0.166627092510
5 39 0.152838335049
5 40 0.811707680679
5 41 0.238544059987
5 42 0.059419010983
5 43 0.690922690124
5 44 0.829752802803
5 45 0.513667230110
5 46 0.553008620419
5 47 0.441968969158
5 48 0.774474930410
5 49 0.930686049541
6 0 0.724236237342
6 1 0.448694317691
6 2 0.149559017914
6 3 0.447756729858
6 4 0.170961823991
6 5 0.344350707554
6 6 0.781072605139
6 7 0.977017459465
6 8 0.714733016736
6 9 0.439543535516
6 10 0.955846978195
6 11 0.769441396985
6 12 0.679754754067
6 13 0.817538705032
6 14 0.449153346912
6 15 0.026951862690
6 16 0.728749298583
6 17 0.656285481877
6 18 0.709124826261
6 19 0.149403880866
6 20 0.543863056003
6 21 0.633493381645
6 22 0.976811925426
6 23 0.203825238075
6 24 0.303889629153
6 25 0.803929127568
6 26 0.577583717875
6 27 0.256751081041
6 28 0.401822391183
6 29 0.135288730845
6 30 0.876819058056
6 31 0.283080946093
6 32 0.005212891890
6 33 0.106744396469
6 34 0.648596236603
6 35 0.424652206452
6 36 0.793626518736
6 37 0.362475993067
6 38 0.774316034618
6 39 0.495987053790
6 40 0.533931503131
6 41 0.507486909557
6 42 0.934715677137
6 43 0.510381953454
6 44 0.776598420370
6 45 0.841419908377
6 46 0.277485033666
6 47 0.006067033220
6 48 0.548031988638
6 49 0.556172631788
7 0 0.932183142097
7 1 0.226638184269
7 2 0.284127896106
7 3 0.393788833929
7 4 0.271120308257
7 5 0.867461045194
7 6 0.951803386518
7 7 0.646967787064
7 8 0.788525701865
7 9 0.832678603751
7 10 0.682054224143
7 11 0.440004447982
7 12 0.325647481228
7 13 0.617067994284
7 14 0.889478600835
7 15 0.150835832639
7 16 0.622176906092
7 17 0.493400644847
7 18 0.924367133948
7 19 0.268421805819
7 20 0.847850199986
7 21 0.702938465383
7 22 0.622129625088
7 23 0.305114120509
7 24 0.190406416999
7 25 0.767592999011
7 26 0.170950602228
7 27 0.996278908191
7 28 0.590309295252
7 29 0.568152437455
7 30 0.307118375731
7 31 0.290411020252
7 32 0.282887878972
7 33 0.086219384548
7 34 0.459187335562
7 35 0.047415106677
7 36 0.782733448609
7 37 0.951902710884
7 38 0.661490919855
7 39 0.876388369861
7 40 0.886057349196
7 41 0.618627114540
7 42 0.455914473419
7 43 0.091370350475
7 44 0.406656484071
7 45 0.543414214424
7 46 0.539573227282
7 47 0.828111575617
7 48 0.986245940886
7 49 0.766503191850
8 0 0.710500067777
8 1 0.584192739371
8 2 0.185985409096
8 3 0.328333170984
8 4 0.332743027333
8 5 0.583310924304
8 6 0.181296962304
8 7 0.638081686370
8 8 0.209040273658
8 9 0.537844892994
8 10 0.545968956434
8 11 0.191298580290
8 12 0.612957201630
8 13 0.006087843042
8 14 0.498921657161
8 15 0.140607953861
8 16 0.192063207813
8 17 0.997067189233
8 18 0.999768899001
8 19 0.783683637029
8 20 0.010337631947
8 21 0.281534627877
8 22 0.095430989285
8 23 0.749152915035
8 24 0.460111991072
8 25 0.506918669927
8 26 0.631081623786
8 27 0.484488391827
8 28 0.823628661405
8 29 0.295383390276
8 30 0.120989780143
8 31 0.536811814659
8 32 0.771370728502
8 33 0.395768361129
8 34 0.166810438472
8 35 0.242625155958
8 36 0.661399769984
8 37 0.510974894525
8 38 0.704650942750
8 39 0.869562275167
8 40 0.574326745018
8 41 0.981906036277
8 42 0.400021298970
8 43 0.072011403296
8 44 0.629821334579
8 45 0.459203134749
8 46 0.045438108843
8 47 0.192579330608
8 48 0.367819613090
8 49 0.251157906081
9 0 0.031926285678
9 1 0.752081609352
9 2 0.795210033664
9 3 0.375180694206
9 4 0.000063559767
9 5 0.302214440933
9 6 0.713898212936
9 7 0.991411417702
9 8 0.622498312251
9 9 0.148186237276
9 10 0.740989778573
9 11 0.762487292941
9 12 0.379800541680
9 13 0.000580087179
9 14 0.640772850084
9 15 0.297924256885
9 16 0.600440794691
9 17 0.643708632319
9 18 0.003549204236
9 19 0.744270539580
9 20 0.777840007814
9 21 0.969118829860
9 22 0.200348711962
9 23 0.336972588998
9 24 0.005020924214
9 25 0.397500691934
9 26 0.309617417144
9 27 0.980636944283
9 28 0.448766150337
9 29 0.724580182297
9 30 0.073453838539
9 31 0.712665175049
9 32 0.694817452821
9 33 0.736412857922
9 34 0.634194157793
9 35 0.282456910552
9 36 0.338479235515
9 37 0.961943235882
9 38 0.204543610054
9 39 0.232975809979
9 40 0.139227309027
9 41 0.123852446432
9 42 0.060370872671
9 43 0.562610959078
9 44 0.797808605233
9 45 0.081690508797
9 46 0.199206859928
9 47 0.982989257322
9 48 0.483816747171
9 49 0.442144522210
10 0 0.722223586590
10 1 0.024106731639
10 2 0.546393257081
10 3 0.087141275612
10 4 0.568374230235
10 5 0.415972903919
10 6 0.695930896609
10 7 0.565436852209
10 8 0.572128499234
10 9 0.198368461337
10 10 0.701853153162
10 11 0.150401092762
10 12 0.732418379845
10 13 0.274493963067
10 14 0.388153392854
10 15 0.544202319094
10 16 0.483149865428
10 17 0.842466167083
10 18 0.126971591826
10 19 0.835737144542
10 20 0.708271107452
10 21 0.540201878421
10 22 0.756730865898
10 23 0.204097292303
10 24 0.998405988793
10 25 0.472079706235
10 26 0.622822377186
10 27 0.523409359297
10 28 0.272403187716
10 29 0.523471882522
10 30 0.528747790013
10 31 0.907038533491
10 32 0.101870508057
10 33 0.268705339408
10 34 0.161976567571
10 35 0.863797350692
10 36 0.760721302948
10 37 0.793259312400
10 38 0.763709299693
10 39 0.281193305062
10 40 0.242017287430
10 41 0.443755596048
10 42 0.705441059896
10 43 0.386784013384
10 44 0.202884554337
10 45 0.150418147371
10 46 0.872812460800
10 47 0.217189539375
10 48 0.064982087820
10 49 0.325435497832
11 0 0.795267508393
11 1 0.096030247273
11 2 0.387876475142
11 3 0.897776287126
11 4 0.973509127639
11 5 0.872736949902
11 6 0.031329939471
11 7 0.621636337012
11 8 0.372367635630
11 9 0.881436066591
11 10 0.600469876359
11 11 0.344522603806
11 12 0.590126703944
11 13 0.989589193803
11 14 0.694912502243
11 15 0.529493714453
11 16 0.830281343803
11 17 0.922475807792
11 18 0.660204937933
11 19 0.805898753981
11 20 0.531796639712
11 21 0.987367855763
11 22 0.933502051633
11 23 0.390178202970
11 24 0.052748606965
11 25 0.153484133277
11 26 0.070248475796
11 27 0.526872955253
11 28 0.953788137045
11 29 0.917316408900
11 30 0.781688505201
11 31 0.559071672410
11 32 0.207293021083
11 33 0.872088561010
11 34 0.053245954096
11 35 0.090632178541
11 36 0.600928221333
11 37 0.818398243844
11 38 0.363501810514
11 39 0.066855305634
11 40 0.436118804725
11 41 0.690034106689
11 42 0.771497087007
11 43 0.732892137402
11 44 0.682788981987
11 45 0.285154936637
11 46 0.870936489078
11 47 0.313328240374
11 48 0.904569181063
11 49 0.636798745254
12 0 0.898781668197
12 1 0.393301023459
12 2 0.909889268700
12 3 0.741968204796
12 4 0.605337228490
12 5 0.799908849935
12 6 0.198038985746
12 7 0.544198267894
12 8 0.141376717153
12 9 0.054637025647
12 10 0.522880301222
12 11 0.766320768553
12 12 0.287355299099
12 13 0.511165075143
12 14 0.146800473962
12 15 0.092107440082
12 16 0.875275430181
12 17 0.959909910909
12 18 0.910372610359
12 19 0.965565594240
12 20 0.378832608235
12 21 0.145925472018
12 22 0.909077930059
12 23 0.180680690287
12 24 0.385944247152
12 25 0.044816994075
12 26 0.416172337245
12 27 0.198404513236
12 28 0.712174118117
12 29 0.886286498747
12 30 0.526475053486
12 31 0.701345634057
12 32 0.922482508027
12 33 0.318895919069
12 34 0.715380897166
12 35 0.113269024224
12 36 0.901277452753
12 37 0.142487067704
12 38 0.207583654146
12 39 0.657788451689
12 40 0.649506709719
12 41 0.361958917366
12 42 0.235633518734
12 43 0.530681550351
12 44 0.461647074958
12 45 0.934423617994
12 46 0.833359573313
12 47 0.981371020179
12 48 0.494330391717
12 49 0.737969033464
13 0 0.276296123316
13 1 0.072582629097
13 2 0.983481454517
13 3 0.571610844862
13 4 0.659772741453
13 5 0.014877695534
13 6 0.332635258113
13 7 0.088137982923
13 8 0.355570792132
13 9 0.384992908709
13 10 0.388125922050
13 11 0.063862447679
13 12 0.596193851710
13 13 0.141965288909
13 14 0.518454115017
13 15 0.327880900930
13 16 0.491342875399
13 17 0.460584753705
13 18 0.745450271805
13 19 0.837249955559
13 20 0.379128118622
13 21 0.903206767948
13 22 0.224949398438
13 23 0.538397048666
13 24 0.554375367655
13 25 0.876882015784
13 26 0.213612348097
13 27 0.687221919005
13 28 0.158277475419
13 29 0.546126555061
13 30 0.888026728613
13 31 0.273972995485
13 32 0.067039706225
13 33 0.891162404424
13 34 0.463409912985
13 35 0.553222608338
13 36 0.936970591200
13 37 0.032212725137
13 38 0.849094059449
13 39 0.551314999762
13 40 0.975710106713
13 41 0.283840062333
13 42 0.298323947445
13 43 0.314392664134
13 44 0.576790540812
13 45 0.448434601169
13 46 0.501860686499
13 47 0.335735593969
13 48 0.837595915765
13 49 0.316607253861
14 0 0.183360143630
14 1 0.083491896512
14 2 0.883662363331
14 3 0.934341814694
14 4 0.250452605312
14 5 0.484123679823
14 6 0.196074911000
14 7 0.027941284414
14 8 0.658085113512
14 9 0.428505485491
14 10 0.836496636283
14 11 0.861375417456
14 12 0.731666228461
14 13 0.888909015239
14 14 0.016498563065
14 15 0.372262967057
14 16 0.678002048535
14 17 0.320755586600
14 18 0.414565265390
14 19 0.106295794164
14 20 0.208653107101
14 21 0.783115964156
14 22 0.848202510277
14 23 0.998769585667
14 24 0.140219846720
14 25 0.935389545608
14 26 0.549732984497
14 27 0.588878850331
14 28 0.509992688359
14 29 0.523918319858
14 30 0.407005894033
14 31 0.272453474009
14 32 0.455217508555
14 33 0.731577962759
14 34 0.222147787484
14 35 0.076345858585
14 36 0.399970593062
14 37 0.712632330633
14 38 0.465842424803
14 39 0.118151414500
14 40 0.241173461761
14 41 0.715937619341
14 42 0.234579609168
14 43 0.464261298591
14 44 0.592823281522
14 45 0.583505295235
14 46 0.484362041521
14 47 0.788044696752
14 48 0.290729553221
14 49 0.483075598958
15 0 0.587525970100
15 1 0.807985142589
15 2 0.552300603312
15 3 0.402460509436
15 4 0.619453089767
15 5 0.798577704512
15 6 0.579449358673
15 7 0.914509630734
15 8 0.986030705828
15 9 0.058874168140
15 10 0.762985127338
15 11 0.914891129947
15 12 0.623600465451
15 13 0.475828270442
15 14 0.785608317145
15 15 0.316993971213
15 16 0.576696578644
15 17 0.284024280032
15 18 0.498577071520
15 19 0.673250834218
15 20 0.209745499769
15 21 0.275988540613
15 22 0.362584835465
15 23 0.427148496031
15 24 0.343381546362
15 25 0.619982678061
15 26 0.379263259624
15 27 0.225865375717
15 28 0.017544996369
15 29 0.975277075544
15 30 0.512446731800
15 31 0.646887754724
15 32 0.139041770404
15 33 0.171757922534
15 34 0.321760915148
15 35 0.285173603478
15 36 0.846322073673
15 37 0.889834057236
15 38 0.807602896271
15 39 0.162516674539
15 40 0.150731287088
15 41 0.170340408114
15 42 0.362307604156
15 43 0.276189390269
15 44 0.550660994115
15 45 0.120773622791
15 46 0.613050668875
15 47 0.926082392613
15 48 0.895847340281
15 49 0.961820488462
16 0 0.585121685472
16 1 0.297986449695
16 2 0.953263325363
16 3 0.294551958536
16 4 0.046377784918
16 5 0.744645430412
16 6 0.136904254623
16 7 0.005691573713
16 8 0.037478093824
16 9 0.069534104568
16 10 0.932331985286
16 11 0.709143547266
16 12 0.177490460354
16 13 0.693525760727
16 14 0.689420458213
16 15 0.001038263822
16 16 0.029477742492
16 17 0.533269750255
16 18 0.016684169237
16 19 0.798404983170
16 20 0.201998780854
16 21 0.004898295859
16 22 0.586107442878
16 23 0.959310571404
16 24 0.112648249029
16 25 0.992940377898
16 26 0.044458194683
16 27 0.022539035996
16 28 0.392468690340
16 29 0.565742430620
16 30 0.176458977355
16 31 0.575842695232
16 32 0.987805614293
16 33 0.736549316790
16 34 0.724780696308
16 35 0.683622858669
16 36 0.910762816488
16 37 0.197363858439
16 38 0.389955954763
16 39 0.046043366636
16 40 0.960626285567
16 41 0.833936929455
16 42 0.945892726120
16 43 0.009728425355
16 44 0.540983293804
16 45 0.444808420663
16 46 0.680027999398
16 47 0.598807621221
16 48 0.269314375854
16 49 0.539786884325
17 0 0.753754674703
17 1 0.914394097632
17 2 0.394436869026
17 3 0.516105403548
17 4 0.384341870280
17 5 0.456443548165
17 6 0.024162647797
17 7 0.744336261159
17 8 0.589420335699
17 9 0.688713557852
17 10 0.238125545547
17 11 0.782986187435
17 12 0.669156901459
17 13 0.090213930354
17 14 0.110069203641
17 15 0.822686884182
17 16 0.196106393955
17 17 0.132019117438
17 18 0.036205915519
17 19 0.616633570497
17 20 0.335655978673
17 21 0.968408667357
17 22 0.740959813477
17 23 0.376112298118
17 24 0.617813321044
17 25 0.714957099872
17 26 0.408572963629
17 27 0.841926974201
17 28 0.351552556973
17 29 0.170781699743
17 30 0.337035533179
17 31 0.767601934117
17 32 0.708226885467
17 33 0.217469094184
17 34 0.885657976764
17 35 0.422734827718
17 36 0.682498357169
17 37 0.131219538869
17 38 0.013108440500
17 39 0.727974248696
17 40 0.869794868297
17 41 0.891390420764
17 42 0.716470582181
17 43 0.475472153988
17 44 0.224927172571
17 45 0.166459734052
17 46 0.355326775767
17 47 0.071918722197
17 48 0.400587654615
17 49 0.396848434759
18 0 0.266226890776
18 1 0.237111328198
18 2 0.704162361970
18 3 0.487976764799
18 4 0.365479767144
18 5 0.693186064535
18 6 0.599993076452
18 7 0.419978583047
18 8 0.254578564534
18 9 0.572081559817
18 10 0.245399664110
18 11 0.879335411111
18 12 0.493676739754
18 13 0.879374675753
18 14 0.360477051217
18 15 0.410849297466
18 16 0.698115928997
18 17 0.194804265350
18 18 0.143243891310
18 19 0.664910449668
18 20 0.098472892139
18 21 0.094069214347
18 22 0.499645119863
18 23 0.186059455587
18 24 0.764827211337
18 25 0.947760658664
18 26 0.887703524125
18 27 0.641283735643
18 28 0.490120955109
18 29 0.705333495575
18 30 0.733858423956
18 31 0.198295099172
18 32 0.011450238149
18 33 0.415105130374
18 34 0.775541523634
18 35 0.511161962384
18 36 0.498631163831
18 37 0.836410471645
18 38 0.497721337852
18 39 0.452522084109
18 40 0.962125860647
18 41 0.114692733404
18 42 0.768860632739
18 43 0.409675332781
18 44 0.965793184634
18 45 0.105542536995
18 46 0.588774270969
18 47 0.730242567264
18 48 0.911086116528
18 49 0.649919769782
19 0 0.278879966077
19 1 0.204288162700
19 2 0.389242493480
19 3 0.393294932281
19 4 0.905800777253
19 5 0.487107870183
19 6 0.639981980890
19 7 0.788148428098
19 8 0.768753146514
19 9 0.687515764673
19 10 0.777844352185
19 11 0.821845872966
19 12 0.109473016989
19 13 0.595430135206
19 14 0.767431873277
19 15 0.066369912982
19 16 0.209923772937
19 17 0.820821104812
19 18 0.541822501631
19 19 0.937844908485
19 20 0.066001671765
19 21 0.403522808682
19 22 0.283473882224
19 23 0.903264038427
19 24 0.755046291547
19 25 0.315904988341
19 26 0.942859895098
19 27 0.839098508727
19 28 0.783238912084
19 29 0.071437152007
19 30 0.885759765738
19 31 0.717111835785
19 32 0.138889999595
19 33 0.878286676430
19 34 0.591826598954
19 35 0.112000344866
19 36 0.425664144966
19 37 0.390707798925
19 38 0.302352293195
19 39 0.520266425696
19 40 0.818605432897
19 41 0.994608970803
19 42 0.500716321213
19 43 0.095564578048
19 44 0.181799453269
19 45 0.374794214235
19 46 0.247400999396
19 47 0.034917143004
19 48 0.123496105938
19 49 0.235491156064
0 0 9
0 1 12
0 2 14
0 3 15
0 4 15
0 5 14
0 6 11
0 7 13
0 8 8
0 9 13
0 10 5
0 11 10
0 12 14
0 13 11
0 14 11
0 15 14
0 16 11
0 17 9
0 18 15
0 19 15
0 20 14
0 21 11
0 22 12
0 23 9
0 24 8
0 25 5
0 26 10
0 27 7
0 28 11
0 29 13
0 30 11
0 31 15
0 32 16
0 33 6
0 34 14
0 35 8
0 36 16
0 37 13
0 38 9
0 39 16
0 40 7
0 41 14
0 42 11
0 43 11
0 44 6
0 45 14
0 46 16
0 47 12
0 48 13
0 49 11
1 0 11
1 1 15
1 2 15
1 3 16
1 4 17
1 5 14
1 6 14
1 7 13
1 8 9
1 9 15
1 10 8
1 11 11
1 12 16
1 13 11
1 14 11
1 15 13
1 16 12
1 17 11
1 18 14
1 19 16
1 20 16
1 21 11
1 22 15
1 23 9
1 24 7
1 25 6
1 26 9
1 27 7
1 28 11
1 29 16
1 30 14
1 31 16
1 32 18
1 33 8
1 34 16
1 35 9
1 36 16
1 37 16
1 38 11
1 39 17
1 40 9
1 41 16
1 42 14
1 43 12
1 44 8
1 45 15
1 46 16
1 47 13
1 48 14
1 49 12
2 0 8
2 1 12
2 2 14
2 3 14
2 4 14
2 5 12
2 6 13
2 7 11
2 8 6
2 9 14
2 10 5
2 11 10
2 12 14
2 13 10
2 14 9
2 15 14
2 16 11
2 17 11
2 18 14
2 19 15
2 20 15
2 21 11
2 22 14
2 23 10
2 24 7
2 25 5
2 26 10
2 27 7
2 28 9
2 29 15
2 30 12
2 31 16
2 32 15
2 33 5
2 34 15
2 35 10
2 36 16
2 37 15
2 38 10
2 39 14
2 40 9
2 41 14
2 42 11
2 43 12
2 44 6
2 45 13
2 46 16
2 47 14
2 48 11
2 49 11
3 0 12
3 1 14
3 2 17
3 3 16
3 4 17
3 5 14
3 6 15
3 7 13
3 8 10
3 9 14
3 10 8
3 11 11
3 12 18
3 13 11
3 14 12
3 15 16
3 16 12
3 17 11
3 18 16
3 19 18
3 20 18
3 21 11
3 22 14
3 23 10
3 24 9
3 25 7
3 26 11
3 27 9
3 28 13
3 29 15
3 30 14
3 31 18
3 32 17
3 33 9
3 34 17
3 35 10
3 36 18
3 37 15
3 38 12
3 39 18
3 40 9
3 41 16
3 42 14
3 43 12
3 44 8
3 45 15
3 46 16
3 47 16
3 48 14
3 49 14
4 0 10
4 1 13
4 2 13
4 3 16
4 4 16
4 5 14
4 6 11
4 7 12
4 8 6
4 9 12
4 10 7
4 11 9
4 12 16
4 13 10
4 14 11
4 15 14
4 16 11
4 17 10
4 18 13
4 19 15
4 20 16
4 21 11
4 22 13
4 23 9
4 24 6
4 25 6
4 26 10
4 27 7
4 28 11
4 29 15
4 30 11
4 31 15
4 32 16
4 33 7
4 34 14
4 35 8
4 36 15
4 37 14
4 38 10
4 39 15
4 40 8
4 41 14
4 42 13
4 43 10
4 44 7
4 45 15
4 46 14
4 47 12
4 48 13
4 49 10
5 0 11
5 1 13
5 2 16
5 3 16
5 4 15
5 5 14
5 6 14
5 7 12
5 8 8
5 9 15
5 10 8
5 11 11
5 12 15
5 13 12
5 14 10
5 15 14
5 16 12
5 17 10
5 18 15
5 19 18
5 20 17
5 21 11
5 22 14
5 23 9
5 24 8
5 25 8
5 26 11
5 27 8
5 28 12
5 29 14
5 30 12
5 31 16
5 32 18
5 33 8
5 34 15
5 35 10
5 36 17
5 37 14
5 38 10
5 39 17
5 40 10
5 41 16
5 42 13
5 43 11
5 44 8
5 45 15
5 46 16
5 47 15
5 48 12
5 49 11
6 0 9
6 1 15
6 2 16
6 3 15
6 4 17
6 5 14
6 6 13
6 7 14
6 8 9
6 9 13
6 10 7
6 11 11
6 12 15
6 13 11
6 14 11
6 15 14
6 16 13
6 17 12
6 18 16
6 19 18
6 20 17
6 21 10
6 22 14
6 23 11
6 24 9
6 25 8
6 26 11
6 27 7
6 28 12
6 29 16
6 30 12
6 31 17
6 32 16
6 33 7
6 34 15
6 35 9
6 36 18
6 37 15
6 38 11
6 39 17
6 40 9
6 41 15
6 42 14
6 43 13
6 44 6
6 45 15
6 46 16
6 47 14
6 48 14
6 49 11
7 0 10
7 1 14
7 2 15
7 3 15
7 4 15
7 5 12
7 6 11
7 7 13
7 8 7
7 9 12
7 10 6
7 11 9
7 12 15
7 13 9
7 14 10
7 15 14
7 16 11
7 17 11
7 18 13
7 19 16
7 20 16
7 21 9
7 22 14
7 23 9
7 24 6
7 25 5
7 26 8
7 27 8
7 28 10
7 29 13
7 30 13
7 31 17
7 32 15
7 33 6
7 34 15
7 35 9
7 36 15
7 37 14
7 38 11
7 39 14
7 40 9
7 41 16
7 42 12
7 43 12
7 44 7
7 45 13
7 46 14
7 47 12
7 48 12
7 49 10
8 0 9
8 1 15
8 2 16
8 3 17
8 4 16
8 5 13
8 6 12
8 7 14
8 8 7
8 9 13
8 10 8
8 11 9
8 12 16
8 13 11
8 14 10
8 15 13
8 16 13
8 17 11
8 18 16
8 19 16
8 20 15
8 21 11
8 22 13
8 23 10
8 24 7
8 25 7
8 26 9
8 27 8
8 28 11
8 29 16
8 30 14
8 31 18
8 32 17
8 33 8
8 34 15
8 35 11
8 36 17
8 37 14
8 38 10
8 39 17
8 40 8
8 41 16
8 42 12
8 43 12
8 44 8
8 45 14
8 46 17
8 47 14
8 48 12
8 49 13
9 0 10
9 1 14
9 2 16
9 3 16
9 4 17
9 5 14
9 6 15
9 7 13
9 8 8
9 9 16
9 10 9
9 11 12
9 12 16
9 13 11
9 14 13
9 15 15
9 16 13
9 17 13
9 18 16
9 19 17
9 20 18
9 21 11
9 22 15
9 23 10
9 24 8
9 25 7
9 26 12
9 27 9
9 28 11
9 29 15
9 30 15
9 31 18
9 32 18
9 33 9
9 34 18
9 35 12
9 36 17
9 37 17
9 38 13
9 39 18
9 40 11
9 41 18
9 42 15
9 43 13
9 44 7
9 45 16
9 46 17
9 47 16
9 48 15
9 49 13
10 0 10
10 1 15
10 2 17
10 3 17
10 4 17
10 5 16
10 6 15
10 7 13
10 8 8
10 9 15
10 10 8
10 11 12
10 12 17
10 13 11
10 14 13
10 15 15
10 16 12
10 17 11
10 18 17
10 19 19
10 20 17
10 21 12
10 22 14
10 23 12
10 24 8
10 25 8
10 26 11
10 27 10
10 28 13
10 29 15
10 30 14
10 31 17
10 32 17
10 33 9
10 34 16
10 35 10
10 36 17
10 37 17
10 38 11
10 39 18
10 40 10
10 41 17
10 42 13
10 43 13
10 44 7
10 45 15
10 46 16
10 47 14
10 48 14
10 49 14
11 0 10
11 1 14
11 2 14
11 3 15
11 4 16
11 5 14
11 6 13
11 7 13
11 8 6
11 9 13
11 10 7
11 11 9
11 12 15
11 13 11
11 14 9
11 15 13
11 16 11
11 17 11
11 18 15
11 19 15
11 20 16
11 21 9
11 22 13
11 23 10
11 24 6
11 25 6
11 26 8
11 27 7
11 28 10
11 29 15
11 30 12
11 31 15
11 32 17
11 33 7
11 34 15
11 35 10
11 36 16
11 37 13
11 38 11
11 39 14
11 40 9
11 41 14
11 42 12
11 43 11
11 44 6
11 45 13
11 46 14
11 47 12
11 48 11
11 49 11
12 0 10
12 1 14
12 2 15
12 3 14
12 4 14
12 5 13
12 6 11
12 7 13
12 8 6
12 9 12
12 10 5
12 11 8
12 12 15
12 13 10
12 14 10
12 15 14
12 16 10
12 17 9
12 18 14
12 19 16
12 20 14
12 21 10
12 22 13
12 23 10
12 24 8
12 25 5
12 26 10
12 27 8
12 28 10
12 29 13
12 30 11
12 31 15
12 32 16
12 33 5
12 34 15
12 35 10
12 36 16
12 37 13
12 38 9
12 39 15
12 40 9
12 41 14
12 42 11
12 43 11
12 44 7
12 45 13
12 46 15
12 47 12
12 48 13
12 49 12
13 0 13
13 1 15
13 2 18
13 3 18
13 4 17
13 5 16
13 6 14
13 7 14
13 8 9
13 9 17
13 10 10
13 11 12
13 12 19
13 13 14
13 14 13
13 15 16
13 16 14
13 17 13
13 18 18
13 19 19
13 20 17
13 21 12
13 22 17
13 23 13
13 24 10
13 25 10
13 26 12
13 27 9
13 28 14
13 29 17
13 30 15
13 31 19
13 32 19
13 33 10
13 34 19
13 35 13
13 36 18
13 37 18
13 38 12
13 39 17
13 40 10
13 41 19
13 42 15
13 43 14
13 44 9
13 45 17
13 46 18
13 47 16
13 48 14
13 49 13
14 0 9
14 1 13
14 2 14
14 3 17
14 4 17
14 5 15
14 6 13
14 7 14
14 8 8
14 9 13
14 10 7
14 11 9
14 12 15
14 13 10
14 14 11
14 15 15
14 16 13
14 17 12
14 18 16
14 19 17
14 20 15
14 21 11
14 22 14
14 23 10
14 24 7
14 25 6
14 26 10
14 27 8
14 28 10
14 29 15
14 30 13
14 31 18
14 32 18
14 33 8
14 34 16
14 35 11
14 36 17
14 37 16
14 38 12
14 39 16
14 40 8
14 41 16
14 42 12
14 43 12
14 44 8
14 45 15
14 46 17
14 47 15
14 48 14
14 49 13
15 0 9
15 1 14
15 2 14
15 3 15
15 4 15
15 5 14
15 6 11
15 7 11
15 8 7
15 9 12
15 10 7
15 11 10
15 12 15
15 13 10
15 14 11
15 15 14
15 16 12
15 17 11
15 18 15
15 19 17
15 20 16
15 21 10
15 22 12
15 23 10
15 24 8
15 25 5
15 26 10
15 27 6
15 28 10
15 29 15
15 30 13
15 31 15
15 32 15
15 33 6
15 34 15
15 35 9
15 36 15
15 37 15
15 38 10
15 39 16
15 40 8
15 41 16
15 42 12
15 43 11
15 44 6
15 45 15
15 46 16
15 47 13
15 48 11
15 49 10
16 0 10
16 1 16
16 2 16
16 3 18
16 4 16
16 5 14
16 6 13
16 7 15
16 8 8
16 9 16
16 10 7
16 11 11
16 12 16
16 13 12
16 14 11
16 15 16
16 16 12
16 17 11
16 18 17
16 19 17
16 20 16
16 21 12
16 22 15
16 23 12
16 24 8
16 25 8
16 26 12
16 27 8
16 28 12
16 29 15
16 30 15
16 31 18
16 32 19
16 33 9
16 34 18
16 35 11
16 36 18
16 37 17
16 38 11
16 39 18
16 40 10
16 41 16
16 42 15
16 43 12
16 44 8
16 45 17
16 46 16
16 47 15
16 48 13
16 49 14
17 0 11
17 1 15
17 2 18
17 3 17
17 4 17
17 5 16
17 6 16
17 7 14
17 8 9
17 9 15
17 10 8
17 11 13
17 12 17
17 13 13
17 14 12
17 15 15
17 16 14
17 17 13
17 18 16
17 19 20
17 20 19
17 21 14
17 22 16
17 23 13
17 24 10
17 25 10
17 26 11
17 27 10
17 28 12
17 29 18
17 30 14
17 31 19
17 32 19
17 33 9
17 34 18
17 35 12
17 36 18
17 37 16
17 38 12
17 39 18
17 40 10
17 41 17
17 42 16
17 43 13
17 44 8
17 45 17
17 46 19
17 47 16
17 48 14
17 49 14
18 0 9
18 1 15
18 2 16
18 3 16
18 4 17
18 5 13
18 6 13
18 7 14
18 8 9
18 9 14
18 10 8
18 11 11
18 12 16
18 13 10
18 14 10
18 15 13
18 16 12
18 17 10
18 18 14
18 19 17
18 20 16
18 21 12
18 22 14
18 23 10
18 24 7
18 25 8
18 26 9
18 27 8
18 28 10
18 29 14
18 30 13
18 31 18
18 32 18
18 33 8
18 34 15
18 35 10
18 36 16
18 37 16
18 38 11
18 39 16
18 40 8
18 41 17
18 42 13
18 43 13
18 44 6
18 45 15
18 46 15
18 47 14
18 48 12
18 49 12
19 0 9
19 1 14
19 2 13
19 3 14
19 4 16
19 5 14
19 6 11
19 7 13
19 8 6
19 9 12
19 10 7
19 11 10
19 12 15
19 13 11
19 14 9
19 15 13
19 16 11
19 17 11
19 18 15
19 19 16
19 20 14
19 21 11
19 22 14
19 23 9
19 24 6
19 25 6
19 26 10
19 27 6
19 28 10
19 29 14
19 30 12
19 31 15
19 32 16
19 33 6
19 34 15
19 35 9
19 36 17
19 37 15
19 38 10
19 39 14
19 40 7
19 41 15
19 42 12
19 43 10
19 44 7
19 45 15
19 46 14
19 47 14
19 48 13
19 49 12
