20 20 10 1 2.0 1.0 1.5 95
9 46 8
8 60 12
3 23 13
5 14 14
7 93 14
7 96 12
1 95 11
6 50 11
4 35 6
9 44 12
2 16 5
4 30 8
0 76 14
2 33 9
3 44 9
0 42 12
1 57 10
5 96 9
6 16 13
8 79 15
0 0 0.133567545415
0 1 0.686434108357
0 2 0.672141621097
0 3 0.441923007737
0 4 0.956819975225
0 5 0.553386992914
0 6 0.607023077438
0 7 0.106387707050
0 8 0.797508683427
0 9 0.918286965340
0 10 0.766764263952
0 11 0.634451292584
0 12 0.973301248390
0 13 0.050651932495
0 14 0.682600022592
0 15 0.050654284555
0 16 0.713359664110
0 17 0.052910850153
0 18 0.161112973249
0 19 0.540481054008
1 0 0.365895042220
1 1 0.727807409298
1 2 0.980033586870
1 3 0.799501331601
1 4 0.413281922007
1 5 0.318823490623
1 6 0.590967312643
1 7 0.031986998630
1 8 0.086150691835
1 9 0.015537214705
1 10 0.980269472609
1 11 0.893319622732
1 12 0.470509649225
1 13 0.147462895198
1 14 0.456277386980
1 15 0.092140400563
1 16 0.042979818197
1 17 0.971379420398
1 18 0.738186113385
1 19 0.238411615314
2 0 0.829774808496
2 1 0.621795466141
2 2 0.326292586413
2 3 0.260870273755
2 4 0.606665938185
2 5 0.834183599458
2 6 0.687347116796
2 7 0.981705845970
2 8 0.570015927591
2 9 0.908081906706
2 10 0.758867578609
2 11 0.742519414072
2 12 0.587651491236
2 13 0.885210949909
2 14 0.013316165577
2 15 0.957033688507
2 16 0.895819059850
2 17 0.195448018433
2 18 0.841404890380
2 19 0.567474200479
3 0 0.937028578836
3 1 0.964727069826
3 2 0.106534229554
3 3 0.217787752173
3 4 0.638218590416
3 5 0.358611687926
3 6 0.287500195412
3 7 0.651643463993
3 8 0.502336220044
3 9 0.170530283234
3 10 0.887724898331
3 11 0.545847500641
3 12 0.174932609575
3 13 0.009532588061
3 14 0.013347642547
3 15 0.569271859813
3 16 0.136964521451
3 17 0.147094188353
3 18 0.190652623228
3 19 0.268953866855
4 0 0.020789737100
4 1 0.570701955371
4 2 0.436055545818
4 3 0.959641398786
4 4 0.270853181765
4 5 0.298511065420
4 6 0.721308280838
4 7 0.249702624926
4 8 0.635640590431
4 9 0.317164857222
4 10 0.807334679389
4 11 0.883995830336
4 12 0.670549702022
4 13 0.824653750282
4 14 0.463350770992
4 15 0.685367122916
4 16 0.922153655101
4 17 0.206551730268
4 18 0.172835597192
4 19 0.375684671929
5 0 0.536867014901
5 1 0.168352011869
5 2 0.680277276581
5 3 0.980866016832
5 4 0.247561253368
5 5 0.273463935919
5 6 0.492778235436
5 7 0.569876783881
5 8 0.763587459290
5 9 0.713382132928
5 10 0.951270237537
5 11 0.631863613043
5 12 0.586860679065
5 13 0.129437354165
5 14 0.940214117977
5 15 0.881410857005
5 16 0.739756116265
5 17 0.556668255672
5 18 0.094149962307
5 19 0.353720437984
6 0 0.724236237342
6 1 0.448694317691
6 2 0.149559017914
6 3 0.447756729858
6 4 0.170961823991
6 5 0.344350707554
6 6 0.781072605139
6 7 0.977017459465
6 8 0.714733016736
6 9 0.439543535516
6 10 0.955846978195
6 11 0.769441396985
6 12 0.679754754067
6 13 0.817538705032
6 14 0.449153346912
6 15 0.026951862690
6 16 0.728749298583
6 17 0.656285481877
6 18 0.709124826261
6 19 0.149403880866
7 0 0.932183142097
7 1 0.226638184269
7 2 0.284127896106
7 3 0.393788833929
7 4 0.271120308257
7 5 0.867461045194
7 6 0.951803386518
7 7 0.646967787064
7 8 0.788525701865
7 9 0.832678603751
7 10 0.682054224143
7 11 0.440004447982
7 12 0.325647481228
7 13 0.617067994284
7 14 0.889478600835
7 15 0.150835832639
7 16 0.622176906092
7 17 0.493400644847
7 18 0.924367133948
7 19 0.268421805819
8 0 0.710500067777
8 1 0.584192739371
8 2 0.185985409096
8 3 0.328333170984
8 4 0.332743027333
8 5 0.583310924304
8 6 0.181296962304
8 7 0.638081686370
8 8 0.209040273658
8 9 0.537844892994
8 10 0.545968956434
8 11 0.191298580290
8 12 0.612957201630
8 13 0.006087843042
8 14 0.498921657161
8 15 0.140607953861
8 16 0.192063207813
8 17 0.997067189233
8 18 0.999768899001
8 19 0.783683637029
9 0 0.031926285678
9 1 0.752081609352
9 2 0.795210033664
9 3 0.375180694206
9 4 0.000063559767
9 5 0.302214440933
9 6 0.713898212936
9 7 0.991411417702
9 8 0.622498312251
9 9 0.148186237276
9 10 0.740989778573
9 11 0.762487292941
9 12 0.379800541680
9 13 0.000580087179
9 14 0.640772850084
9 15 0.297924256885
9 16 0.600440794691
9 17 0.643708632319
9 18 0.003549204236
9 19 0.744270539580
10 0 0.722223586590
10 1 0.024106731639
10 2 0.546393257081
10 3 0.087141275612
10 4 0.568374230235
10 5 0.415972903919
10 6 0.695930896609
10 7 0.565436852209
10 8 0.572128499234
10 9 0.198368461337
10 10 0.701853153162
10 11 0.150401092762
10 12 0.732418379845
10 13 0.274493963067
10 14 0.388153392854
10 15 0.544202319094
10 16 0.483149865428
10 17 0.842466167083
10 18 0.126971591826
10 19 0.835737144542
11 0 0.795267508393
11 1 0.096030247273
11 2 0.387876475142
11 3 0.897776287126
11 4 0.973509127639
11 5 0.872736949902
11 6 0.031329939471
11 7 0.621636337012
11 8 0.372367635630
11 9 0.881436066591
11 10 0.600469876359
11 11 0.344522603806
11 12 0.590126703944
11 13 0.989589193803
11 14 0.694912502243
11 15 0.529493714453
11 16 0.830281343803
11 17 0.922475807792
11 18 0.660204937933
11 19 0.805898753981
12 0 0.898781668197
12 1 0.393301023459
12 2 0.909889268700
12 3 0.741968204796
12 4 0.605337228490
12 5 0.799908849935
12 6 0.198038985746
12 7 0.544198267894
12 8 0.141376717153
12 9 0.054637025647
12 10 0.522880301222
12 11 0.766320768553
12 12 0.287355299099
12 13 0.511165075143
12 14 0.146800473962
12 15 0.092107440082
12 16 0.875275430181
12 17 0.959909910909
12 18 0.910372610359
12 19 0.965565594240
13 0 0.276296123316
13 1 0.072582629097
13 2 0.983481454517
13 3 0.571610844862
13 4 0.659772741453
13 5 0.014877695534
13 6 0.332635258113
13 7 0.088137982923
13 8 0.355570792132
13 9 0.384992908709
13 10 0.388125922050
13 11 0.063862447679
13 12 0.596193851710
13 13 0.141965288909
13 14 0.518454115017
13 15 0.327880900930
13 16 0.491342875399
13 17 0.460584753705
13 18 0.745450271805
13 19 0.837249955559
14 0 0.183360143630
14 1 0.083491896512
14 2 0.883662363331
14 3 0.934341814694
14 4 0.250452605312
14 5 0.484123679823
14 6 0.196074911000
14 7 0.027941284414
14 8 0.658085113512
14 9 0.428505485491
14 10 0.836496636283
14 11 0.861375417456
14 12 0.731666228461
14 13 0.888909015239
14 14 0.016498563065
14 15 0.372262967057
14 16 0.678002048535
14 17 0.320755586600
14 18 0.414565265390
14 19 0.106295794164
15 0 0.587525970100
15 1 0.807985142589
15 2 0.552300603312
15 3 0.402460509436
15 4 0.619453089767
15 5 0.798577704512
15 6 0.579449358673
15 7 0.914509630734
15 8 0.986030705828
15 9 0.058874168140
15 10 0.762985127338
15 11 0.914891129947
15 12 0.623600465451
15 13 0.475828270442
15 14 0.785608317145
15 15 0.316993971213
15 16 0.576696578644
15 17 0.284024280032
15 18 0.498577071520
15 19 0.673250834218
16 0 0.585121685472
16 1 0.297986449695
16 2 0.953263325363
16 3 0.294551958536
16 4 0.046377784918
16 5 0.744645430412
16 6 0.136904254623
16 7 0.005691573713
16 8 0.037478093824
16 9 0.069534104568
16 10 0.932331985286
16 11 0.709143547266
16 12 0.177490460354
16 13 0.693525760727
16 14 0.689420458213
16 15 0.001038263822
16 16 0.029477742492
16 17 0.533269750255
16 18 0.016684169237
16 19 0.798404983170
17 0 0.753754674703
17 1 0.914394097632
17 2 0.394436869026
17 3 0.516105403548
17 4 0.384341870280
17 5 0.456443548165
17 6 0.024162647797
17 7 0.744336261159
17 8 0.589420335699
17 9 0.688713557852
17 10 0.238125545547
17 11 0.782986187435
17 12 0.669156901459
17 13 0.090213930354
17 14 0.110069203641
17 15 0.822686884182
17 16 0.196106393955
17 17 0.132019117438
17 18 0.036205915519
17 19 0.616633570497
18 0 0.266226890776
18 1 0.237111328198
18 2 0.704162361970
18 3 0.487976764799
18 4 0.365479767144
18 5 0.693186064535
18 6 0.599993076452
18 7 0.419978583047
18 8 0.254578564534
18 9 0.572081559817
18 10 0.245399664110
18 11 0.879335411111
18 12 0.493676739754
18 13 0.879374675753
18 14 0.360477051217
18 15 0.410849297466
18 16 0.698115928997
18 17 0.194804265350
18 18 0.143243891310
18 19 0.664910449668
19 0 0.278879966077
19 1 0.204288162700
19 2 0.389242493480
19 3 0.393294932281
19 4 0.905800777253
19 5 0.487107870183
19 6 0.639981980890
19 7 0.788148428098
19 8 0.768753146514
19 9 0.687515764673
19 10 0.777844352185
19 11 0.821845872966
19 12 0.109473016989
19 13 0.595430135206
19 14 0.767431873277
19 15 0.066369912982
19 16 0.209923772937
19 17 0.820821104812
19 18 0.541822501631
19 19 0.937844908485
0 0 9
0 1 12
0 2 14
0 3 15
0 4 15
0 5 14
0 6 11
0 7 13
0 8 8
0 9 13
0 10 5
0 11 10
0 12 14
0 13 11
0 14 11
0 15 14
0 16 11
0 17 9
0 18 15
0 19 15
1 0 9
1 1 15
1 2 14
1 3 16
1 4 17
1 5 13
1 6 14
1 7 13
1 8 9
1 9 13
1 10 6
1 11 9
1 12 16
1 13 11
1 14 10
1 15 13
1 16 12
1 17 10
1 18 14
1 19 18
2 0 8
2 1 12
2 2 13
2 3 15
2 4 15
2 5 13
2 6 13
2 7 11
2 8 8
2 9 13
2 10 7
2 11 10
2 12 15
2 13 10
2 14 11
2 15 13
2 16 12
2 17 10
2 18 15
2 19 17
3 0 12
3 1 16
3 2 16
3 3 17
3 4 17
3 5 14
3 6 14
3 7 14
3 8 8
3 9 14
3 10 8
3 11 11
3 12 18
3 13 11
3 14 11
3 15 14
3 16 12
3 17 11
3 18 16
3 19 19
4 0 10
4 1 12
4 2 15
4 3 16
4 4 15
4 5 12
4 6 11
4 7 13
4 8 7
4 9 14
4 10 6
4 11 9
4 12 16
4 13 10
4 14 11
4 15 13
4 16 11
4 17 9
4 18 15
4 19 16
5 0 9
5 1 13
5 2 15
5 3 15
5 4 15
5 5 13
5 6 14
5 7 12
5 8 7
5 9 15
5 10 6
5 11 11
5 12 15
5 13 11
5 14 10
5 15 15
5 16 12
5 17 12
5 18 15
5 19 16
6 0 10
6 1 15
6 2 16
6 3 17
6 4 16
6 5 13
6 6 14
6 7 13
6 8 7
6 9 15
6 10 7
6 11 10
6 12 15
6 13 10
6 14 11
6 15 15
6 16 12
6 17 12
6 18 15
6 19 16
7 0 10
7 1 12
7 2 13
7 3 16
7 4 15
7 5 12
7 6 13
7 7 13
7 8 6
7 9 13
7 10 7
7 11 8
7 12 16
7 13 9
7 14 10
7 15 12
7 16 12
7 17 9
7 18 15
7 19 15
8 0 10
8 1 14
8 2 16
8 3 15
8 4 16
8 5 15
8 6 12
8 7 12
8 8 8
8 9 14
8 10 8
8 11 9
8 12 15
8 13 10
8 14 11
8 15 13
8 16 12
8 17 11
8 18 16
8 19 16
9 0 11
9 1 15
9 2 15
9 3 18
9 4 17
9 5 14
9 6 14
9 7 13
9 8 9
9 9 16
9 10 7
9 11 10
9 12 17
9 13 11
9 14 12
9 15 14
9 16 12
9 17 13
9 18 16
9 19 19
10 0 12
10 1 15
10 2 15
10 3 18
10 4 18
10 5 16
10 6 13
10 7 14
10 8 8
10 9 14
10 10 9
10 11 11
10 12 18
10 13 12
10 14 13
10 15 16
10 16 13
10 17 12
10 18 15
10 19 17
11 0 10
11 1 14
11 2 14
11 3 15
11 4 14
11 5 13
11 6 13
11 7 12
11 8 8
11 9 14
11 10 5
11 11 8
11 12 15
11 13 11
11 14 9
11 15 12
11 16 10
11 17 10
11 18 14
11 19 16
12 0 9
12 1 12
12 2 15
12 3 14
12 4 16
12 5 14
12 6 11
12 7 11
12 8 8
12 9 12
12 10 7
12 11 8
12 12 16
12 13 10
12 14 9
12 15 13
12 16 12
12 17 9
12 18 14
12 19 17
13 0 13
13 1 17
13 2 16
13 3 19
13 4 17
13 5 16
13 6 15
13 7 14
13 8 10
13 9 17
13 10 10
13 11 12
13 12 18
13 13 12
13 14 13
13 15 17
13 16 15
13 17 13
13 18 18
13 19 18
14 0 9
14 1 13
14 2 16
14 3 17
14 4 15
14 5 14
14 6 13
14 7 12
14 8 7
14 9 15
14 10 8
14 11 10
14 12 16
14 13 10
14 14 12
14 15 14
14 16 12
14 17 12
14 18 14
14 19 16
15 0 8
15 1 14
15 2 15
15 3 14
15 4 16
15 5 13
15 6 12
15 7 13
15 8 8
15 9 12
15 10 6
15 11 10
15 12 14
15 13 10
15 14 10
15 15 13
15 16 12
15 17 11
15 18 15
15 19 17
16 0 12
16 1 14
16 2 16
16 3 18
16 4 18
16 5 16
16 6 15
16 7 13
16 8 10
16 9 16
16 10 7
16 11 11
16 12 16
16 13 12
16 14 11
16 15 14
16 16 14
16 17 12
16 18 16
16 19 19
17 0 12
17 1 15
17 2 18
17 3 19
17 4 17
17 5 16
17 6 15
17 7 15
17 8 11
17 9 15
17 10 10
17 11 13
17 12 19
17 13 13
17 14 13
17 15 15
17 16 13
17 17 14
17 18 17
17 19 18
18 0 10
18 1 14
18 2 15
18 3 15
18 4 16
18 5 15
18 6 13
18 7 14
18 8 7
18 9 14
18 10 8
18 11 9
18 12 17
18 13 11
18 14 10
18 15 13
18 16 11
18 17 12
18 18 15
18 19 16
19 0 10
19 1 14
19 2 13
19 3 15
19 4 15
19 5 13
19 6 11
19 7 12
19 8 8
19 9 12
19 10 7
19 11 10
19 12 15
19 13 11
19 14 11
19 15 12
19 16 10
19 17 9
19 18 14
19 19 15
