20 50 10 1 2.0 1.0 1.5 95
7 20 5
1 49 8
5 91 7
3 90 7
8 57 7
7 44 14
9 81 13
2 36 13
6 69 14
8 23 12
4 88 9
9 65 12
7 87 5
8 57 11
0 96 7
3 30 12
2 60 8
9 92 5
2 2 5
6 49 5
3 42 11
0 73 12
0 80 14
9 28 12
2 60 9
5 23 14
1 27 8
6 71 7
7 96 11
7 43 10
3 95 13
9 91 12
0 33 12
5 31 15
6 85 8
6 26 10
5 44 12
0 55 10
4 70 14
4 56 5
8 16 6
3 84 14
1 42 11
4 60 5
4 69 6
2 35 7
1 93 10
1 98 11
8 19 13
5 46 11
0 0 0.521503209340
0 1 0.665402100248
0 2 0.915790361561
0 3 0.331619796085
0 4 0.858208076289
0 5 0.319785051353
0 6 0.026296303478
0 7 0.062542573791
0 8 0.140255836815
0 9 0.365115929148
0 10 0.766534549626
0 11 0.009459746000
0 12 0.259255422875
0 13 0.081710866462
0 14 0.270372617705
0 15 0.087421536521
0 16 0.199257362441
0 17 0.045095724596
0 18 0.484132533515
0 19 0.746574486683
0 20 0.105552911179
0 21 0.560110238074
0 22 0.969230222401
0 23 0.046282597304
0 24 0.620813902423
0 25 0.234896388720
0 26 0.993841359470
0 27 0.638411355572
0 28 0.447157337501
0 29 0.940840359088
0 30 0.623329225259
0 31 0.768664522967
0 32 0.283012677595
0 33 0.672329726752
0 34 0.931378317998
0 35 0.625969892329
0 36 0.159909341974
0 37 0.488057787617
0 38 0.944803539700
0 39 0.492778968751
0 40 0.379404963095
0 41 0.212994782712
0 42 0.247811222702
0 43 0.923276334057
0 44 0.112234093488
0 45 0.802732688372
0 46 0.066875277487
0 47 0.832832245723
0 48 0.457580614385
0 49 0.926912936757
1 0 0.348613732239
1 1 0.460393346538
1 2 0.926807872067
1 3 0.732701724749
1 4 0.782322420232
1 5 0.363115773409
1 6 0.319005637291
1 7 0.307972716044
1 8 0.462961043720
1 9 0.659752011690
1 10 0.919242769502
1 11 0.343237034030
1 12 0.811099086009
1 13 0.466440377753
1 14 0.775861669385
1 15 0.022995538978
1 16 0.862958090135
1 17 0.520674031177
1 18 0.955914783468
1 19 0.851750570385
1 20 0.600096689117
1 21 0.906525695868
1 22 0.306700823374
1 23 0.526380846374
1 24 0.439056338962
1 25 0.880363961568
1 26 0.374397765010
1 27 0.595407691568
1 28 0.722055717147
1 29 0.803662312209
1 30 0.037001388336
1 31 0.193631330380
1 32 0.916541160696
1 33 0.671122114658
1 34 0.784445189204
1 35 0.753608339276
1 36 0.803438846203
1 37 0.793619665833
1 38 0.119130229430
1 39 0.560745915729
1 40 0.882331114238
1 41 0.172808173948
1 42 0.728733371856
1 43 0.506396103637
1 44 0.017575348161
1 45 0.942114208629
1 46 0.717917999856
1 47 0.535058672464
1 48 0.527613714248
1 49 0.249026623382
2 0 0.725538232772
2 1 0.837565942086
2 2 0.053820771931
2 3 0.944559064316
2 4 0.644555991374
2 5 0.159299373392
2 6 0.200131626327
2 7 0.362688391537
2 8 0.567088621256
2 9 0.059739896842
2 10 0.659205295153
2 11 0.093319090472
2 12 0.459169192928
2 13 0.815873617819
2 14 0.064752418178
2 15 0.114245927707
2 16 0.761078785190
2 17 0.675582261614
2 18 0.254815426160
2 19 0.454582023745
2 20 0.358794574766
2 21 0.324135494322
2 22 0.412382184541
2 23 0.542321052854
2 24 0.254418636677
2 25 0.740165620758
2 26 0.194136589892
2 27 0.623394340250
2 28 0.956036745420
2 29 0.428198890114
2 30 0.587372238484
2 31 0.996381631500
2 32 0.300637599758
2 33 0.330822396540
2 34 0.388655179029
2 35 0.376931004952
2 36 0.860500523936
2 37 0.965756406003
2 38 0.344694108512
2 39 0.901937163978
2 40 0.731013132195
2 41 0.244450263831
2 42 0.893249083577
2 43 0.305292244746
2 44 0.344660876589
2 45 0.655417537292
2 46 0.863907742362
2 47 0.818588462016
2 48 0.986046438508
2 49 0.828855616420
3 0 0.389400576794
3 1 0.962953777668
3 2 0.623728469064
3 3 0.178366069863
3 4 0.227399848955
3 5 0.426674699742
3 6 0.410664997769
3 7 0.994522042427
3 8 0.339627720744
3 9 0.210782971818
3 10 0.742934149954
3 11 0.771550485718
3 12 0.861305643167
3 13 0.819750247488
3 14 0.247393321318
3 15 0.119243884050
3 16 0.376344352092
3 17 0.708323581508
3 18 0.462295135471
3 19 0.696974280033
3 20 0.430293705713
3 21 0.121605693390
3 22 0.305676823225
3 23 0.423866203062
3 24 0.952819005165
3 25 0.497922207676
3 26 0.299184949201
3 27 0.027979528564
3 28 0.735474669978
3 29 0.936040264339
3 30 0.345362333395
3 31 0.278764396639
3 32 0.582431080142
3 33 0.839194813504
3 34 0.267378168115
3 35 0.884952087683
3 36 0.022414621333
3 37 0.018505107219
3 38 0.403664222930
3 39 0.101483399766
3 40 0.715604296388
3 41 0.952270158042
3 42 0.474460512785
3 43 0.034940056640
3 44 0.185778459228
3 45 0.858223705421
3 46 0.031947932404
3 47 0.618066399292
3 48 0.878672663759
3 49 0.124437508275
4 0 0.945516695430
4 1 0.251088448761
4 2 0.660321814204
4 3 0.287552851656
4 4 0.436186421101
4 5 0.724229156545
4 6 0.722702554537
4 7 0.891681243437
4 8 0.847794077015
4 9 0.498926712159
4 10 0.976113108781
4 11 0.582766162759
4 12 0.538691153967
4 13 0.680960328744
4 14 0.555935381379
4 15 0.549216046739
4 16 0.998061066825
4 17 0.164749001081
4 18 0.186695397292
4 19 0.409486844818
4 20 0.925981607410
4 21 0.134104551125
4 22 0.238628637710
4 23 0.441491999265
4 24 0.251618200396
4 25 0.912143541176
4 26 0.878735208242
4 27 0.188039980371
4 28 0.193797373241
4 29 0.650016943690
4 30 0.636402317274
4 31 0.472987154517
4 32 0.529313936574
4 33 0.444526101120
4 34 0.508345419465
4 35 0.605047338483
4 36 0.889612835262
4 37 0.485149901841
4 38 0.636380744510
4 39 0.816229093316
4 40 0.466482702924
4 41 0.200687390575
4 42 0.358131526676
4 43 0.725113740080
4 44 0.843977876438
4 45 0.618152982302
4 46 0.931936577764
4 47 0.684452852185
4 48 0.709113112704
4 49 0.759537760236
5 0 0.656078074275
5 1 0.005487735826
5 2 0.901248533047
5 3 0.280450292199
5 4 0.591692021448
5 5 0.280090373676
5 6 0.515538952915
5 7 0.544268719013
5 8 0.676644295441
5 9 0.928985252419
5 10 0.271968513430
5 11 0.553758224021
5 12 0.455473358614
5 13 0.126657392384
5 14 0.793725148230
5 15 0.931838041016
5 16 0.187904918253
5 17 0.921116456278
5 18 0.659071367728
5 19 0.683304179298
5 20 0.925250076021
5 21 0.270275140746
5 22 0.308920763548
5 23 0.379035811547
5 24 0.282584103225
5 25 0.663769207152
5 26 0.233826648322
5 27 0.968629026210
5 28 0.866225508592
5 29 0.694151526461
5 30 0.818889413863
5 31 0.743801312803
5 32 0.215382647141
5 33 0.259325251149
5 34 0.753650311340
5 35 0.830602479615
5 36 0.370081240531
5 37 0.860164414047
5 38 0.447987307807
5 39 0.830689318315
5 40 0.556584746343
5 41 0.926415390220
5 42 0.798107156242
5 43 0.196354606009
5 44 0.117320830078
5 45 0.258903438200
5 46 0.939361849711
5 47 0.729884214797
5 48 0.147094837548
5 49 0.637431351422
6 0 0.662137948284
6 1 0.528747790013
6 2 0.947646233824
6 3 0.268705339408
6 4 0.483149865428
6 5 0.198368461337
6 6 0.998405988793
6 7 0.472079706235
6 8 0.841120879236
6 9 0.546393257081
6 10 0.760721302948
6 11 0.815381741629
6 12 0.003911504163
6 13 0.242017287430
6 14 0.842466167083
6 15 0.150401092762
6 16 0.204097292303
6 17 0.646996523688
6 18 0.443755596048
6 19 0.620658541754
6 20 0.544202319094
6 21 0.047634742473
6 22 0.233624016706
6 23 0.533065289514
6 24 0.202884554337
6 25 0.503214395939
6 26 0.422005445304
6 27 0.793259312400
6 28 0.415972903919
6 29 0.544197741363
6 30 0.907038533491
6 31 0.438658185156
6 32 0.274493963067
6 33 0.813306981251
6 34 0.014279046238
6 35 0.863797350692
6 36 0.388153392854
6 37 0.626975552275
6 38 0.101870508057
6 39 0.272403187716
6 40 0.701853153162
6 41 0.804347398985
6 42 0.989004777945
6 43 0.024106731639
6 44 0.515514664366
6 45 0.572128499234
6 46 0.568374230235
6 47 0.313328315087
6 48 0.201485816010
6 49 0.722223586590
7 0 0.972736481159
7 1 0.407214619646
7 2 0.702906548180
7 3 0.856665827873
7 4 0.206375868965
7 5 0.822910570281
7 6 0.796662025765
7 7 0.622504368670
7 8 0.365961119164
7 9 0.206272157342
7 10 0.143944625467
7 11 0.831274012493
7 12 0.560428887802
7 13 0.236212280813
7 14 0.228427459439
7 15 0.567509321411
7 16 0.709628054740
7 17 0.061308447246
7 18 0.440945213179
7 19 0.527044036639
7 20 0.253654750032
7 21 0.387512004893
7 22 0.048776125839
7 23 0.212227559120
7 24 0.470886474808
7 25 0.400599167812
7 26 0.889248884019
7 27 0.255784153830
7 28 0.496579810931
7 29 0.125426102943
7 30 0.625608974240
7 31 0.066679322491
7 32 0.787729092053
7 33 0.597792981880
7 34 0.438194910279
7 35 0.675028229792
7 36 0.214164770620
7 37 0.024142024066
7 38 0.811316165600
7 39 0.487989256846
7 40 0.577094672872
7 41 0.636501366353
7 42 0.761533161356
7 43 0.137529987402
7 44 0.706920161206
7 45 0.566580495018
7 46 0.817228183261
7 47 0.368445948755
7 48 0.435500172672
7 49 0.533726586385
8 0 0.221808368034
8 1 0.407005894033
8 2 0.792177344637
8 3 0.731577962759
8 4 0.678002048535
8 5 0.428505485491
8 6 0.140219846720
8 7 0.935389545608
8 8 0.510868063515
8 9 0.883662363331
8 10 0.399970593062
8 11 0.665446507406
8 12 0.167254904891
8 13 0.241173461761
8 14 0.320755586600
8 15 0.861375417456
8 16 0.998769585667
8 17 0.488668230235
8 18 0.715937619341
8 19 0.470189750194
8 20 0.372262967057
8 21 0.436716625831
8 22 0.467385314031
8 23 0.420539680807
8 24 0.592823281522
8 25 0.772196763539
8 26 0.721571131176
8 27 0.712632330633
8 28 0.484123679823
8 29 0.911716426437
8 30 0.272453474009
8 31 0.793438312123
8 32 0.888909015239
8 33 0.235131812911
8 34 0.049930028843
8 35 0.076345858585
8 36 0.016498563065
8 37 0.611950327193
8 38 0.455217508555
8 39 0.509992688359
8 40 0.836496636283
8 41 0.979177345860
8 42 0.077055537076
8 43 0.083491896512
8 44 0.828108187742
8 45 0.658085113512
8 46 0.250452605312
8 47 0.919431219105
8 48 0.282342402914
8 49 0.183360143630
9 0 0.816337930371
9 1 0.581958911959
9 2 0.317912237628
9 3 0.661442787470
9 4 0.191310145688
9 5 0.276977432723
9 6 0.238226725727
9 7 0.089765832119
9 8 0.629135035914
9 9 0.722136205410
9 10 0.870246750354
9 11 0.400553596451
9 12 0.172414288146
9 13 0.584145430069
9 14 0.736336003468
9 15 0.720015230193
9 16 0.203783811613
9 17 0.412508296653
9 18 0.357808888134
9 19 0.133380798820
9 20 0.519384621887
9 21 0.139629886899
9 22 0.160656235340
9 23 0.684058831564
9 24 0.209450561178
9 25 0.042456725135
9 26 0.694332908634
9 27 0.637489761002
9 28 0.134575857320
9 29 0.302120842605
9 30 0.629120338337
9 31 0.807737893435
9 32 0.566191674741
9 33 0.914252579183
9 34 0.518942752127
9 35 0.939687637035
9 36 0.868946674117
9 37 0.767526377359
9 38 0.384799948174
9 39 0.018387284904
9 40 0.074946262947
9 41 0.054323722117
9 42 0.739893190518
9 43 0.784429927891
9 44 0.999908333929
9 45 0.116884958764
9 46 0.523473972329
9 47 0.979060734559
9 48 0.043986783454
9 49 0.608240901071
10 0 0.522359158888
10 1 0.073453838539
10 2 0.885271948517
10 3 0.736412857922
10 4 0.600440794691
10 5 0.148186237276
10 6 0.005020924214
10 7 0.397500691934
10 8 0.420417966466
10 9 0.795210033664
10 10 0.338479235515
10 11 0.193777846371
10 12 0.377376437993
10 13 0.139227309027
10 14 0.643708632319
10 15 0.762487292941
10 16 0.336972588998
10 17 0.172582153259
10 18 0.123852446432
10 19 0.340147264634
10 20 0.297924256885
10 21 0.875897994055
10 22 0.399998806350
10 23 0.103209984840
10 24 0.797808605233
10 25 0.092176069787
10 26 0.677003098908
10 27 0.961943235882
10 28 0.302214440933
10 29 0.708957142667
10 30 0.712665175049
10 31 0.083295396549
10 32 0.000580087179
10 33 0.945079389203
10 34 0.301118345621
10 35 0.282456910552
10 36 0.640772850084
10 37 0.283427561239
10 38 0.694817452821
10 39 0.448766150337
10 40 0.740989778573
10 41 0.545515596381
10 42 0.938909444596
10 43 0.752081609352
10 44 0.583564980417
10 45 0.622498312251
10 46 0.000063559767
10 47 0.640746396975
10 48 0.826083912252
10 49 0.031926285678
11 0 0.936480082277
11 1 0.876819058056
11 2 0.803610779366
11 3 0.106744396469
11 4 0.728749298583
11 5 0.439543535516
11 6 0.303889629153
11 7 0.803929127568
11 8 0.201475460494
11 9 0.149559017914
11 10 0.793626518736
11 11 0.669212533486
11 12 0.357912979526
11 13 0.533931503131
11 14 0.656285481877
11 15 0.769441396985
11 16 0.203825238075
11 17 0.807190874728
11 18 0.507486909557
11 19 0.731391456801
11 20 0.026951862690
11 21 0.052971245738
11 22 0.554931585489
11 23 0.822051273467
11 24 0.776598420370
11 25 0.683286580961
11 26 0.612334073613
11 27 0.362475993067
11 28 0.344350707554
11 29 0.905201549850
11 30 0.283080946093
11 31 0.771272767383
11 32 0.817538705032
11 33 0.704864281055
11 34 0.707549287740
11 35 0.424652206452
11 36 0.449153346912
11 37 0.547123423206
11 38 0.005212891890
11 39 0.401822391183
11 40 0.955846978195
11 41 0.951106494961
11 42 0.210699832647
11 43 0.448694317691
11 44 0.545354318583
11 45 0.714733016736
11 46 0.170961823991
11 47 0.788940590045
11 48 0.787456337569
11 49 0.724236237342
12 0 0.394543992524
12 1 0.307118375731
12 2 0.366900478648
12 3 0.086219384548
12 4 0.622176906092
12 5 0.832678603751
12 6 0.190406416999
12 7 0.767592999011
12 8 0.596651751104
12 9 0.284127896106
12 10 0.782733448609
12 11 0.349696613615
12 12 0.627418923799
12 13 0.886057349196
12 14 0.493400644847
12 15 0.440004447982
12 16 0.305114120509
12 17 0.626166453535
12 18 0.618627114540
12 19 0.434659033351
12 20 0.150835832639
12 21 0.985891952677
12 22 0.156083958692
12 23 0.924903179480
12 24 0.406656484071
12 25 0.901672584895
12 26 0.380961994111
12 27 0.951902710884
12 28 0.867461045194
12 29 0.612352706395
12 30 0.290411020252
12 31 0.627410751612
12 32 0.617067994284
12 33 0.401525271578
12 34 0.809886348230
12 35 0.047415106677
12 36 0.889478600835
12 37 0.707366179596
12 38 0.282887878972
12 39 0.590309295252
12 40 0.682054224143
12 41 0.045206174265
12 42 0.136946639144
12 43 0.226638184269
12 44 0.724172327824
12 45 0.788525701865
12 46 0.271120308257
12 47 0.760771074902
12 48 0.017570453052
12 49 0.932183142097
13 0 0.549371852329
13 1 0.176458977355
13 2 0.345478044469
13 3 0.736549316790
13 4 0.029477742492
13 5 0.069534104568
13 6 0.112648249029
13 7 0.992940377898
13 8 0.632273902906
13 9 0.953263325363
13 10 0.910762816488
13 11 0.405199559631
13 12 0.286080875290
13 13 0.960626285567
13 14 0.533269750255
13 15 0.709143547266
13 16 0.959310571404
13 17 0.640499306237
13 18 0.833936929455
13 19 0.011204042114
13 20 0.001038263822
13 21 0.623818433423
13 22 0.150275617208
13 23 0.865697732250
13 24 0.540983293804
13 25 0.493083188179
13 26 0.080916629492
13 27 0.197363858439
13 28 0.744645430412
13 29 0.758275240532
13 30 0.575842695232
13 31 0.115686966860
13 32 0.693525760727
13 33 0.753899982189
13 34 0.149967542837
13 35 0.683622858669
13 36 0.689420458213
13 37 0.696295461789
13 38 0.987805614293
13 39 0.392468690340
13 40 0.932331985286
13 41 0.460658779928
13 42 0.146814227961
13 43 0.297986449695
13 44 0.885544942000
13 45 0.037478093824
13 46 0.046377784918
13 47 0.280520472068
13 48 0.444428440004
13 49 0.585121685472
14 0 0.894182578093
14 1 0.781688505201
14 2 0.431329224564
14 3 0.872088561010
14 4 0.830281343803
14 5 0.881436066591
14 6 0.052748606965
14 7 0.153484133277
14 8 0.748280067501
14 9 0.387876475142
14 10 0.600928221333
14 11 0.904678339569
14 12 0.641835207607
14 13 0.436118804725
14 14 0.922475807792
14 15 0.344522603806
14 16 0.390178202970
14 17 0.326649070107
14 18 0.690034106689
14 19 0.862655095414
14 20 0.529493714453
14 21 0.566316854325
14 22 0.529992705524
14 23 0.429099894845
14 24 0.682788981987
14 25 0.523043774586
14 26 0.517174482756
14 27 0.818398243844
14 28 0.872736949902
14 29 0.707276186194
14 30 0.559071672410
14 31 0.702249270450
14 32 0.989589193803
14 33 0.840657501525
14 34 0.461979229682
14 35 0.090632178541
14 36 0.694912502243
14 37 0.690302805089
14 38 0.207293021083
14 39 0.953788137045
14 40 0.600469876359
14 41 0.745740112324
14 42 0.082052117940
14 43 0.096030247273
14 44 0.163489572086
14 45 0.372367635630
14 46 0.973509127639
14 47 0.148546992724
14 48 0.559438895032
14 49 0.795267508393
15 0 0.248574954393
15 1 0.337035533179
15 2 0.815712062412
15 3 0.217469094184
15 4 0.196106393955
15 5 0.688713557852
15 6 0.617813321044
15 7 0.714957099872
15 8 0.759858643099
15 9 0.394436869026
15 10 0.682498357169
15 11 0.158795840603
15 12 0.996367981384
15 13 0.869794868297
15 14 0.132019117438
15 15 0.782986187435
15 16 0.376112298118
15 17 0.810909133747
15 18 0.891390420764
15 19 0.362306748169
15 20 0.822686884182
15 21 0.374324878511
15 22 0.139965093016
15 23 0.248350983121
15 24 0.224927172571
15 25 0.544945423795
15 26 0.808487382307
15 27 0.131219538869
15 28 0.456443548165
15 29 0.623339173306
15 30 0.767601934117
15 31 0.227286475858
15 32 0.090213930354
15 33 0.113443975180
15 34 0.292858410052
15 35 0.422734827718
15 36 0.110069203641
15 37 0.540389780534
15 38 0.708226885467
15 39 0.351552556973
15 40 0.238125545547
15 41 0.636236348594
15 42 0.168683746720
15 43 0.914394097632
15 44 0.309258758121
15 45 0.589420335699
15 46 0.384341870280
15 47 0.632769772702
15 48 0.775869905644
15 49 0.753754674703
16 0 0.097019270352
16 1 0.490865691851
16 2 0.031161821199
16 3 0.233237902096
16 4 0.796070386026
16 5 0.423763758775
16 6 0.806932676777
16 7 0.448424225836
16 8 0.126252063424
16 9 0.192698187838
16 10 0.061070309744
16 11 0.059522652126
16 12 0.767067852886
16 13 0.001777540642
16 14 0.812232450399
16 15 0.414849733759
16 16 0.259606049344
16 17 0.665747622556
16 18 0.736899220241
16 19 0.776797413151
16 20 0.859078263308
16 21 0.447994012344
16 22 0.468449853356
16 23 0.651352885875
16 24 0.652943148605
16 25 0.470607467977
16 26 0.156927025425
16 27 0.760249779638
16 28 0.900592170533
16 29 0.077380649727
16 30 0.811744792593
16 31 0.318727344130
16 32 0.863535304967
16 33 0.780493231568
16 34 0.169927556872
16 35 0.502694856131
16 36 0.967019535791
16 37 0.898613052005
16 38 0.159800769697
16 39 0.334849178354
16 40 0.502435051040
16 41 0.692913977346
16 42 0.302341465478
16 43 0.795400014992
16 44 0.660735127141
16 45 0.341493893575
16 46 0.609006057232
16 47 0.488023287814
16 48 0.410791070906
16 49 0.129968931134
17 0 0.505443459062
17 1 0.619444022421
17 2 0.505598076901
17 3 0.099872168249
17 4 0.341401945668
17 5 0.732237261906
17 6 0.074776750144
17 7 0.757553070141
17 8 0.117885668437
17 9 0.697590149731
17 10 0.616835421791
17 11 0.694612805571
17 12 0.381106095779
17 13 0.356850783262
17 14 0.338431482505
17 15 0.238428872512
17 16 0.235794655910
17 17 0.020337363923
17 18 0.378188035273
17 19 0.693801731288
17 20 0.976247794830
17 21 0.420517034069
17 22 0.660044812852
17 23 0.407694326027
17 24 0.364244676711
17 25 0.053707832757
17 26 0.309102561140
17 27 0.761628321664
17 28 0.101236867302
17 29 0.726494215770
17 30 0.823346813832
17 31 0.104908658283
17 32 0.178576333646
17 33 0.416750499697
17 34 0.615419497479
17 35 0.008503358435
17 36 0.115419632474
17 37 0.120633969048
17 38 0.852882475400
17 39 0.275066768445
17 40 0.957433745330
17 41 0.908551632898
17 42 0.359245709049
17 43 0.590741358017
17 44 0.690661959420
17 45 0.647561684316
17 46 0.873486992501
17 47 0.921206012101
17 48 0.472871689131
17 49 0.955194640656
18 0 0.069073213824
18 1 0.983788465476
18 2 0.952006599195
18 3 0.122191698007
18 4 0.042979818197
18 5 0.015537214705
18 6 0.515241593920
18 7 0.446851945707
18 8 0.458545190470
18 9 0.980033586870
18 10 0.939681941302
18 11 0.166617910366
18 12 0.652941236172
18 13 0.224874567621
18 14 0.971379420398
18 15 0.893319622732
18 16 0.540947820977
18 17 0.526166365982
18 18 0.806791402272
18 19 0.950997441314
18 20 0.092140400563
18 21 0.775607397243
18 22 0.583139187358
18 23 0.147005522742
18 24 0.740307010140
18 25 0.481899719536
18 26 0.136158794764
18 27 0.122072077831
18 28 0.318823490623
18 29 0.466117629622
18 30 0.751892880706
18 31 0.805057768018
18 32 0.147462895198
18 33 0.677541522655
18 34 0.442686188665
18 35 0.884201879312
18 36 0.456277386980
18 37 0.627542685005
18 38 0.543595586589
18 39 0.698542220859
18 40 0.980269472609
18 41 0.361775806573
18 42 0.154301078404
18 43 0.727807409298
18 44 0.845322081438
18 45 0.086150691835
18 46 0.413281922007
18 47 0.403738753030
18 48 0.097162734795
18 49 0.365895042220
19 0 0.725094722125
19 1 0.526475053486
19 2 0.489088191682
19 3 0.318895919069
19 4 0.875275430181
19 5 0.054637025647
19 6 0.385944247152
19 7 0.044816994075
19 8 0.022432501054
19 9 0.909889268700
19 10 0.901277452753
19 11 0.100726976040
19 12 0.288251886744
19 13 0.649506709719
19 14 0.959909910909
19 15 0.766320768553
19 16 0.180680690287
19 17 0.813863736217
19 18 0.361958917366
19 19 0.269020826141
19 20 0.092107440082
19 21 0.000406537848
19 22 0.849268595692
19 23 0.043017141767
19 24 0.461647074958
19 25 0.631880886449
19 26 0.654446955880
19 27 0.142487067704
19 28 0.799908849935
19 29 0.069857366687
19 30 0.701345634057
19 31 0.804649768469
19 32 0.511165075143
19 33 0.904230953343
19 34 0.920575155156
19 35 0.113269024224
19 36 0.146800473962
19 37 0.622046544206
19 38 0.922482508027
19 39 0.712174118117
19 40 0.522880301222
19 41 0.109976628696
19 42 0.778170007342
19 43 0.393301023459
19 44 0.749247584600
19 45 0.141376717153
19 46 0.605337228490
19 47 0.842996765095
19 48 0.209611861664
19 49 0.898781668197
0 0 9
0 1 12
0 2 11
0 3 12
0 4 12
0 5 17
0 6 16
0 7 16
0 8 17
0 9 16
0 10 13
0 11 15
0 12 8
0 13 14
0 14 12
0 15 17
0 16 13
0 17 8
0 18 9
0 19 9
0 20 15
0 21 15
0 22 18
0 23 16
0 24 14
0 25 17
0 26 13
0 27 12
0 28 15
0 29 14
0 30 17
0 31 17
0 32 17
0 33 20
0 34 13
0 35 13
0 36 17
0 37 14
0 38 19
0 39 9
0 40 10
0 41 19
0 42 14
0 43 10
0 44 9
0 45 10
0 46 15
0 47 14
0 48 16
0 49 16
1 0 6
1 1 9
1 2 9
1 3 8
1 4 10
1 5 16
1 6 16
1 7 14
1 8 17
1 9 13
1 10 11
1 11 14
1 12 7
1 13 13
1 14 9
1 15 15
1 16 10
1 17 7
1 18 6
1 19 7
1 20 12
1 21 13
1 22 16
1 23 15
1 24 11
1 25 17
1 26 9
1 27 10
1 28 12
1 29 11
1 30 15
1 31 14
1 32 15
1 33 17
1 34 11
1 35 11
1 36 15
1 37 11
1 38 16
1 39 7
1 40 9
1 41 17
1 42 12
1 43 8
1 44 8
1 45 9
1 46 11
1 47 12
1 48 14
1 49 12
2 0 8
2 1 13
2 2 11
2 3 10
2 4 10
2 5 19
2 6 17
2 7 17
2 8 18
2 9 15
2 10 14
2 11 17
2 12 8
2 13 15
2 14 11
2 15 15
2 16 11
2 17 9
2 18 8
2 19 10
2 20 14
2 21 15
2 22 17
2 23 15
2 24 14
2 25 17
2 26 11
2 27 12
2 28 16
2 29 13
2 30 16
2 31 17
2 32 15
2 33 19
2 34 12
2 35 13
2 36 16
2 37 13
2 38 18
2 39 9
2 40 9
2 41 17
2 42 14
2 43 9
2 44 10
2 45 10
2 46 13
2 47 15
2 48 17
2 49 15
3 0 9
3 1 12
3 2 10
3 3 11
3 4 12
3 5 19
3 6 18
3 7 17
3 8 19
3 9 15
3 10 14
3 11 15
3 12 10
3 13 15
3 14 12
3 15 15
3 16 11
3 17 10
3 18 9
3 19 10
3 20 14
3 21 16
3 22 19
3 23 16
3 24 12
3 25 19
3 26 11
3 27 11
3 28 16
3 29 14
3 30 16
3 31 15
3 32 16
3 33 19
3 34 12
3 35 13
3 36 15
3 37 14
3 38 18
3 39 9
3 40 9
3 41 19
3 42 16
3 43 9
3 44 10
3 45 11
3 46 13
3 47 16
3 48 17
3 49 15
4 0 8
4 1 10
4 2 10
4 3 8
4 4 8
4 5 15
4 6 14
4 7 16
4 8 16
4 9 15
4 10 12
4 11 13
4 12 8
4 13 14
4 14 10
4 15 15
4 16 11
4 17 8
4 18 7
4 19 8
4 20 13
4 21 14
4 22 15
4 23 15
4 24 10
4 25 15
4 26 11
4 27 8
4 28 12
4 29 11
4 30 15
4 31 14
4 32 14
4 33 17
4 34 9
4 35 13
4 36 14
4 37 13
4 38 15
4 39 6
4 40 9
4 41 17
4 42 13
4 43 7
4 44 8
4 45 8
4 46 12
4 47 12
4 48 14
4 49 12
5 0 9
5 1 12
5 2 10
5 3 11
5 4 11
5 5 17
5 6 16
5 7 15
5 8 18
5 9 15
5 10 13
5 11 16
5 12 7
5 13 15
5 14 10
5 15 15
5 16 11
5 17 9
5 18 7
5 19 7
5 20 13
5 21 14
5 22 18
5 23 14
5 24 11
5 25 17
5 26 10
5 27 11
5 28 15
5 29 13
5 30 16
5 31 16
5 32 15
5 33 18
5 34 10
5 35 14
5 36 15
5 37 12
5 38 16
5 39 7
5 40 10
5 41 17
5 42 15
5 43 7
5 44 8
5 45 10
5 46 13
5 47 13
5 48 17
5 49 15
6 0 7
6 1 11
6 2 10
6 3 9
6 4 9
6 5 15
6 6 15
6 7 15
6 8 16
6 9 13
6 10 12
6 11 13
6 12 8
6 13 12
6 14 8
6 15 15
6 16 9
6 17 6
6 18 7
6 19 6
6 20 12
6 21 14
6 22 15
6 23 13
6 24 10
6 25 16
6 26 9
6 27 8
6 28 12
6 29 11
6 30 15
6 31 13
6 32 14
6 33 18
6 34 11
6 35 13
6 36 15
6 37 13
6 38 15
6 39 7
6 40 7
6 41 15
6 42 14
6 43 8
6 44 8
6 45 9
6 46 13
6 47 12
6 48 14
6 49 13
7 0 7
7 1 10
7 2 7
7 3 8
7 4 7
7 5 14
7 6 15
7 7 13
7 8 14
7 9 12
7 10 9
7 11 12
7 12 7
7 13 11
7 14 7
7 15 12
7 16 9
7 17 5
7 18 6
7 19 6
7 20 12
7 21 13
7 22 14
7 23 13
7 24 11
7 25 16
7 26 9
7 27 7
7 28 12
7 29 11
7 30 15
7 31 14
7 32 14
7 33 17
7 34 10
7 35 12
7 36 14
7 37 10
7 38 15
7 39 6
7 40 6
7 41 16
7 42 13
7 43 5
7 44 6
7 45 9
7 46 12
7 47 13
7 48 15
7 49 12
8 0 8
8 1 11
8 2 8
8 3 9
8 4 9
8 5 15
8 6 16
8 7 16
8 8 16
8 9 13
8 10 10
8 11 14
8 12 8
8 13 13
8 14 9
8 15 15
8 16 11
8 17 8
8 18 7
8 19 8
8 20 12
8 21 14
8 22 17
8 23 14
8 24 11
8 25 16
8 26 9
8 27 8
8 28 14
8 29 13
8 30 15
8 31 15
8 32 13
8 33 16
8 34 11
8 35 12
8 36 13
8 37 13
8 38 15
8 39 8
8 40 7
8 41 17
8 42 13
8 43 6
8 44 9
8 45 9
8 46 13
8 47 12
8 48 15
8 49 12
9 0 5
9 1 8
9 2 9
9 3 9
9 4 9
9 5 14
9 6 15
9 7 13
9 8 14
9 9 14
9 10 11
9 11 14
9 12 6
9 13 11
9 14 8
9 15 12
9 16 8
9 17 6
9 18 6
9 19 7
9 20 13
9 21 13
9 22 14
9 23 14
9 24 11
9 25 15
9 26 9
9 27 7
9 28 12
9 29 12
9 30 13
9 31 13
9 32 12
9 33 17
9 34 8
9 35 11
9 36 12
9 37 12
9 38 14
9 39 7
9 40 7
9 41 14
9 42 12
9 43 5
9 44 8
9 45 7
9 46 10
9 47 11
9 48 13
9 49 13
10 0 8
10 1 11
10 2 10
10 3 10
10 4 11
10 5 19
10 6 17
10 7 18
10 8 19
10 9 15
10 10 12
10 11 16
10 12 8
10 13 14
10 14 11
10 15 15
10 16 13
10 17 9
10 18 10
10 19 9
10 20 15
10 21 17
10 22 17
10 23 17
10 24 14
10 25 17
10 26 11
10 27 11
10 28 14
10 29 14
10 30 16
10 31 16
10 32 17
10 33 18
10 34 11
10 35 15
10 36 17
10 37 15
10 38 17
10 39 8
10 40 11
10 41 17
10 42 14
10 43 10
10 44 10
10 45 10
10 46 15
10 47 15
10 48 17
10 49 15
11 0 9
11 1 11
11 2 11
11 3 11
11 4 10
11 5 19
11 6 17
11 7 17
11 8 17
11 9 16
11 10 13
11 11 17
11 12 8
11 13 15
11 14 10
11 15 16
11 16 11
11 17 10
11 18 8
11 19 10
11 20 14
11 21 16
11 22 18
11 23 17
11 24 13
11 25 18
11 26 11
11 27 10
11 28 14
11 29 13
11 30 17
11 31 15
11 32 15
11 33 19
11 34 12
11 35 14
11 36 15
11 37 13
11 38 19
11 39 8
11 40 9
11 41 19
11 42 16
11 43 9
11 44 10
11 45 10
11 46 13
11 47 14
11 48 18
11 49 16
12 0 10
12 1 12
12 2 11
12 3 12
12 4 12
12 5 17
12 6 16
12 7 17
12 8 18
12 9 17
12 10 14
12 11 15
12 12 10
12 13 16
12 14 12
12 15 15
12 16 13
12 17 10
12 18 9
12 19 9
12 20 15
12 21 16
12 22 17
12 23 15
12 24 12
12 25 17
12 26 12
12 27 10
12 28 14
12 29 15
12 30 17
12 31 15
12 32 15
12 33 18
12 34 11
12 35 15
12 36 17
12 37 13
12 38 19
12 39 10
12 40 11
12 41 19
12 42 15
12 43 10
12 44 9
12 45 12
12 46 14
12 47 14
12 48 18
12 49 15
13 0 10
13 1 11
13 2 10
13 3 10
13 4 12
13 5 19
13 6 17
13 7 17
13 8 17
13 9 15
13 10 12
13 11 17
13 12 8
13 13 16
13 14 11
13 15 16
13 16 13
13 17 9
13 18 9
13 19 9
13 20 14
13 21 17
13 22 17
13 23 17
13 24 13
13 25 17
13 26 13
13 27 10
13 28 14
13 29 13
13 30 18
13 31 17
13 32 17
13 33 18
13 34 11
13 35 13
13 36 17
13 37 13
13 38 17
13 39 9
13 40 10
13 41 17
13 42 14
13 43 8
13 44 11
13 45 10
13 46 13
13 47 15
13 48 16
13 49 16
14 0 6
14 1 9
14 2 7
14 3 7
14 4 7
14 5 14
14 6 15
14 7 15
14 8 14
14 9 13
14 10 9
14 11 13
14 12 7
14 13 11
14 14 8
14 15 13
14 16 8
14 17 5
14 18 5
14 19 6
14 20 13
14 21 12
14 22 14
14 23 12
14 24 11
14 25 15
14 26 8
14 27 7
14 28 13
14 29 10
14 30 15
14 31 13
14 32 13
14 33 15
14 34 9
14 35 11
14 36 12
14 37 12
14 38 16
14 39 6
14 40 8
14 41 15
14 42 13
14 43 7
14 44 8
14 45 9
14 46 12
14 47 11
14 48 14
14 49 12
15 0 10
15 1 13
15 2 10
15 3 11
15 4 10
15 5 19
15 6 18
15 7 18
15 8 17
15 9 17
15 10 13
15 11 17
15 12 9
15 13 15
15 14 10
15 15 17
15 16 11
15 17 8
15 18 9
15 19 9
15 20 14
15 21 17
15 22 19
15 23 17
15 24 12
15 25 18
15 26 11
15 27 12
15 28 15
15 29 13
15 30 16
15 31 16
15 32 16
15 33 20
15 34 12
15 35 14
15 36 16
15 37 15
15 38 19
15 39 8
15 40 11
15 41 17
15 42 15
15 43 10
15 44 11
15 45 10
15 46 15
15 47 14
15 48 16
15 49 16
16 0 7
16 1 8
16 2 7
16 3 9
16 4 8
16 5 15
16 6 14
16 7 15
16 8 15
16 9 13
16 10 9
16 11 14
16 12 5
16 13 12
16 14 8
16 15 13
16 16 8
16 17 7
16 18 7
16 19 6
16 20 11
16 21 12
16 22 14
16 23 14
16 24 11
16 25 14
16 26 9
16 27 8
16 28 12
16 29 11
16 30 14
16 31 13
16 32 13
16 33 15
16 34 10
16 35 12
16 36 14
16 37 11
16 38 14
16 39 7
16 40 8
16 41 15
16 42 13
16 43 6
16 44 7
16 45 7
16 46 12
16 47 11
16 48 14
16 49 11
17 0 7
17 1 9
17 2 9
17 3 9
17 4 8
17 5 15
17 6 14
17 7 14
17 8 15
17 9 15
17 10 11
17 11 14
17 12 6
17 13 14
17 14 9
17 15 14
17 16 11
17 17 7
17 18 8
17 19 6
17 20 12
17 21 13
17 22 17
17 23 13
17 24 10
17 25 15
17 26 9
17 27 8
17 28 13
17 29 11
17 30 15
17 31 14
17 32 13
17 33 16
17 34 11
17 35 12
17 36 14
17 37 13
17 38 15
17 39 6
17 40 7
17 41 15
17 42 12
17 43 7
17 44 9
17 45 8
17 46 13
17 47 13
17 48 15
17 49 13
18 0 7
18 1 11
18 2 11
18 3 10
18 4 11
18 5 18
18 6 16
18 7 16
18 8 18
18 9 16
18 10 12
18 11 16
18 12 7
18 13 14
18 14 11
18 15 15
18 16 12
18 17 8
18 18 9
18 19 9
18 20 13
18 21 14
18 22 16
18 23 16
18 24 12
18 25 18
18 26 11
18 27 10
18 28 15
18 29 12
18 30 17
18 31 16
18 32 14
18 33 19
18 34 11
18 35 13
18 36 16
18 37 14
18 38 17
18 39 9
18 40 10
18 41 17
18 42 14
18 43 8
18 44 8
18 45 10
18 46 13
18 47 13
18 48 17
18 49 14
19 0 9
19 1 11
19 2 10
19 3 9
19 4 9
19 5 18
19 6 16
19 7 16
19 8 16
19 9 15
19 10 13
19 11 14
19 12 9
19 13 13
19 14 10
19 15 14
19 16 12
19 17 9
19 18 8
19 19 7
19 20 13
19 21 15
19 22 16
19 23 16
19 24 13
19 25 18
19 26 10
19 27 11
19 28 15
19 29 14
19 30 17
19 31 16
19 32 15
19 33 19
19 34 10
19 35 12
19 36 14
19 37 13
19 38 17
19 39 9
19 40 10
19 41 16
19 42 13
19 43 9
19 44 10
19 45 11
19 46 13
19 47 15
19 48 16
19 49 14
