3 20 10 2 2.0 1.0 1.5 95
4 20 5
1 49 8
1 91 7
0 90 7
5 57 7
4 44 14
8 81 13
0 36 13
6 69 14
7 23 12
2 88 9
9 65 12
5 87 5
6 57 11
3 96 7
7 30 12
2 60 8
9 92 5
3 2 5
8 49 5
0 0 0.521503209340
0 1 0.665402100248
0 2 0.915790361561
0 3 0.331619796085
0 4 0.858208076289
0 5 0.319785051353
0 6 0.026296303478
0 7 0.062542573791
0 8 0.140255836815
0 9 0.365115929148
0 10 0.766534549626
0 11 0.009459746000
0 12 0.259255422875
0 13 0.081710866462
0 14 0.270372617705
0 15 0.087421536521
0 16 0.199257362441
0 17 0.045095724596
0 18 0.484132533515
0 19 0.746574486683
1 0 0.348613732239
1 1 0.460393346538
1 2 0.926807872067
1 3 0.732701724749
1 4 0.782322420232
1 5 0.363115773409
1 6 0.319005637291
1 7 0.307972716044
1 8 0.462961043720
1 9 0.659752011690
1 10 0.919242769502
1 11 0.343237034030
1 12 0.811099086009
1 13 0.466440377753
1 14 0.775861669385
1 15 0.022995538978
1 16 0.862958090135
1 17 0.520674031177
1 18 0.955914783468
1 19 0.851750570385
2 0 0.725538232772
2 1 0.837565942086
2 2 0.053820771931
2 3 0.944559064316
2 4 0.644555991374
2 5 0.159299373392
2 6 0.200131626327
2 7 0.362688391537
2 8 0.567088621256
2 9 0.059739896842
2 10 0.659205295153
2 11 0.093319090472
2 12 0.459169192928
2 13 0.815873617819
2 14 0.064752418178
2 15 0.114245927707
2 16 0.761078785190
2 17 0.675582261614
2 18 0.254815426160
2 19 0.454582023745
0 0 9
0 1 12
0 2 11
0 3 12
0 4 12
0 5 17
0 6 16
0 7 16
0 8 17
0 9 16
0 10 13
0 11 15
0 12 8
0 13 14
0 14 12
0 15 17
0 16 13
0 17 8
0 18 9
0 19 9
1 0 7
1 1 9
1 2 9
1 3 9
1 4 10
1 5 15
1 6 16
1 7 16
1 8 16
1 9 14
1 10 11
1 11 15
1 12 8
1 13 14
1 14 10
1 15 13
1 16 11
1 17 7
1 18 8
1 19 7
2 0 9
2 1 13
2 2 10
2 3 12
2 4 10
2 5 17
2 6 18
2 7 16
2 8 17
2 9 17
2 10 12
2 11 15
2 12 9
2 13 14
2 14 12
2 15 16
2 16 13
2 17 8
2 18 10
2 19 8
