3 100 15 10 2.0 1.0 1.5 95
14 46 8
2 60 12
12 23 13
6 14 14
3 93 14
11 96 12
3 95 11
1 50 11
13 35 6
14 44 12
5 16 5
3 30 8
4 76 14
1 33 9
7 44 9
13 42 12
11 57 10
8 96 9
5 16 13
0 79 15
9 28 14
7 91 9
3 99 12
10 60 8
12 81 6
4 36 5
12 35 8
10 86 6
9 56 9
1 49 13
0 49 11
1 95 15
12 70 15
12 90 5
4 43 14
13 26 8
8 88 15
11 71 13
9 60 9
4 95 14
8 57 7
14 2 14
9 10 11
8 94 10
2 60 5
3 41 13
5 46 14
4 66 12
10 19 11
4 56 10
9 58 11
5 69 12
10 31 13
11 93 8
7 21 7
5 49 12
8 98 10
0 54 15
6 80 5
3 41 15
13 27 10
11 28 7
2 87 11
11 84 12
5 42 12
2 19 15
0 61 15
1 82 6
7 23 8
4 69 10
6 13 12
7 92 6
7 77 15
9 60 10
0 22 15
9 73 12
2 23 10
12 64 9
10 15 12
6 30 8
13 20 11
8 91 13
6 17 11
1 58 15
6 46 11
3 65 14
0 41 7
14 59 8
10 82 10
1 91 5
13 60 7
0 18 12
2 1 9
2 79 8
8 43 11
14 55 15
6 89 5
5 85 15
7 63 12
14 69 10
0 0 0.133567545415
0 1 0.686434108357
0 2 0.672141621097
0 3 0.441923007737
0 4 0.956819975225
0 5 0.553386992914
0 6 0.607023077438
0 7 0.106387707050
0 8 0.797508683427
0 9 0.918286965340
0 10 0.766764263952
0 11 0.634451292584
0 12 0.973301248390
0 13 0.050651932495
0 14 0.682600022592
0 15 0.050654284555
0 16 0.713359664110
0 17 0.052910850153
0 18 0.161112973249
0 19 0.540481054008
0 20 0.451894824784
0 21 0.238138607784
0 22 0.802927706562
0 23 0.183235746634
0 24 0.758718224201
0 25 0.638569126508
0 26 0.946916566174
0 27 0.261920436045
0 28 0.320938721882
0 29 0.469969400512
0 30 0.013912156715
0 31 0.066807816207
0 32 0.387506224398
0 33 0.294059118001
0 34 0.944498686780
0 35 0.181182037477
0 36 0.597037062487
0 37 0.198537035240
0 38 0.664895077060
0 39 0.117737726887
0 40 0.743347447628
0 41 0.042766423381
0 42 0.054206899506
0 43 0.208437053113
0 44 0.821564105346
0 45 0.111289593267
0 46 0.615921037140
0 47 0.628318534532
0 48 0.285641234391
0 49 0.414380825059
0 50 0.393329249277
0 51 0.261776241511
0 52 0.790164363110
0 53 0.434410799535
0 54 0.220715833854
0 55 0.486059514882
0 56 0.949771143469
0 57 0.447958293389
0 58 0.266482739978
0 59 0.752295789078
0 60 0.805971032355
0 61 0.835744355438
0 62 0.782891184935
0 63 0.629785439199
0 64 0.565109656326
0 65 0.284633354815
0 66 0.063778451860
0 67 0.346079546887
0 68 0.402591894733
0 69 0.081477701570
0 70 0.073826809949
0 71 0.097837987245
0 72 0.241224841808
0 73 0.457896116161
0 74 0.887627904080
0 75 0.959331174070
0 76 0.807870620028
0 77 0.135442333195
0 78 0.815463516392
0 79 0.086771074250
0 80 0.598916898901
0 81 0.240074196190
0 82 0.187164617911
0 83 0.951127943790
0 84 0.125538448608
0 85 0.445409032145
0 86 0.043137084877
0 87 0.806510027732
0 88 0.691601268317
0 89 0.082790291948
0 90 0.438580058098
0 91 0.583269552300
0 92 0.950411562661
0 93 0.589764521587
0 94 0.611475305252
0 95 0.579474172254
0 96 0.122617404259
0 97 0.627666531851
0 98 0.024265654709
0 99 0.682773812332
1 0 0.365895042220
1 1 0.727807409298
1 2 0.980033586870
1 3 0.799501331601
1 4 0.413281922007
1 5 0.318823490623
1 6 0.590967312643
1 7 0.031986998630
1 8 0.086150691835
1 9 0.015537214705
1 10 0.980269472609
1 11 0.893319622732
1 12 0.470509649225
1 13 0.147462895198
1 14 0.456277386980
1 15 0.092140400563
1 16 0.042979818197
1 17 0.971379420398
1 18 0.738186113385
1 19 0.238411615314
1 20 0.918252657740
1 21 0.855383909031
1 22 0.400036187313
1 23 0.540947820977
1 24 0.515241593920
1 25 0.446851945707
1 26 0.789403234596
1 27 0.486603773481
1 28 0.698542220859
1 29 0.160214931932
1 30 0.983788465476
1 31 0.751892880706
1 32 0.543595586589
1 33 0.122191698007
1 34 0.284012771032
1 35 0.884201879312
1 36 0.939681941302
1 37 0.122072077831
1 38 0.434089703708
1 39 0.868075840267
1 40 0.224874567621
1 41 0.806791402272
1 42 0.377778469654
1 43 0.291576138775
1 44 0.740307010140
1 45 0.777084451142
1 46 0.700661516403
1 47 0.192176769610
1 48 0.491337842487
1 49 0.454553333686
1 50 0.734385729327
1 51 0.458545190470
1 52 0.677541522655
1 53 0.940719515129
1 54 0.632358339991
1 55 0.950997441314
1 56 0.403738753030
1 57 0.952582753901
1 58 0.583139187358
1 59 0.427091675721
1 60 0.136158794764
1 61 0.147005522742
1 62 0.652941236172
1 63 0.361775806573
1 64 0.154301078404
1 65 0.097162734795
1 66 0.646158715949
1 67 0.862045165742
1 68 0.481899719536
1 69 0.845322081438
1 70 0.071930281131
1 71 0.526166365982
1 72 0.640565673061
1 73 0.339592242805
1 74 0.351123930124
1 75 0.775607397243
1 76 0.508448176706
1 77 0.469848361905
1 78 0.425172969119
1 79 0.703915540167
1 80 0.069073213824
1 81 0.805057768018
1 82 0.681941874161
1 83 0.533488754552
1 84 0.995606802540
1 85 0.166617910366
1 86 0.803348189749
1 87 0.998892149437
1 88 0.445165098556
1 89 0.952006599195
1 90 0.614623596901
1 91 0.003542349481
1 92 0.618237990452
1 93 0.324722496742
1 94 0.466117629622
1 95 0.627542685005
1 96 0.783675356553
1 97 0.442686188665
1 98 0.689663533209
1 99 0.413258934924
2 0 0.829774808496
2 1 0.621795466141
2 2 0.326292586413
2 3 0.260870273755
2 4 0.606665938185
2 5 0.834183599458
2 6 0.687347116796
2 7 0.981705845970
2 8 0.570015927591
2 9 0.908081906706
2 10 0.758867578609
2 11 0.742519414072
2 12 0.587651491236
2 13 0.885210949909
2 14 0.013316165577
2 15 0.957033688507
2 16 0.895819059850
2 17 0.195448018433
2 18 0.841404890380
2 19 0.567474200479
2 20 0.959415010144
2 21 0.361613630398
2 22 0.436664643081
2 23 0.480376252415
2 24 0.717926162950
2 25 0.447208587372
2 26 0.425410433327
2 27 0.331588946361
2 28 0.331029263274
2 29 0.929486768736
2 30 0.636143365920
2 31 0.250092177575
2 32 0.523526568964
2 33 0.991391145833
2 34 0.282607991168
2 35 0.637325957444
2 36 0.757010887328
2 37 0.367941765617
2 38 0.543368652161
2 39 0.228970069849
2 40 0.849361438831
2 41 0.956151529036
2 42 0.392624577493
2 43 0.056162920989
2 44 0.015262659762
2 45 0.586495234493
2 46 0.670132800438
2 47 0.561366082802
2 48 0.596779578592
2 49 0.763504251147
2 50 0.567287396670
2 51 0.882400216003
2 52 0.382146315416
2 53 0.148380759255
2 54 0.385347043544
2 55 0.730997784463
2 56 0.546043139860
2 57 0.446272881870
2 58 0.402996062475
2 59 0.459079865235
2 60 0.133530668798
2 61 0.208047711218
2 62 0.860078533544
2 63 0.121613360877
2 64 0.097770747783
2 65 0.184934081228
2 66 0.657464335713
2 67 0.230431085570
2 68 0.330092047032
2 69 0.827554253972
2 70 0.409311426086
2 71 0.905186344653
2 72 0.697273356365
2 73 0.056670077650
2 74 0.157553771712
2 75 0.483974974888
2 76 0.521762246124
2 77 0.387418202904
2 78 0.565249410588
2 79 0.974504481901
2 80 0.694266855044
2 81 0.151572736502
2 82 0.337416585340
2 83 0.643862843034
2 84 0.037639103778
2 85 0.514897031718
2 86 0.062138622333
2 87 0.051146391519
2 88 0.651512929323
2 89 0.218478919507
2 90 0.903205842700
2 91 0.678789696375
2 92 0.099072508976
2 93 0.648450459240
2 94 0.389171604160
2 95 0.458261094502
2 96 0.342534838923
2 97 0.837436839899
2 98 0.266089221101
2 99 0.873451159577
0 0 9
0 1 12
0 2 14
0 3 15
0 4 15
0 5 14
0 6 11
0 7 13
0 8 8
0 9 13
0 10 5
0 11 10
0 12 14
0 13 11
0 14 11
0 15 14
0 16 11
0 17 9
0 18 15
0 19 15
0 20 14
0 21 11
0 22 12
0 23 9
0 24 8
0 25 5
0 26 10
0 27 7
0 28 11
0 29 13
0 30 11
0 31 15
0 32 16
0 33 6
0 34 14
0 35 8
0 36 16
0 37 13
0 38 9
0 39 16
0 40 7
0 41 14
0 42 11
0 43 11
0 44 6
0 45 14
0 46 16
0 47 12
0 48 13
0 49 11
0 50 13
0 51 14
0 52 14
0 53 9
0 54 9
0 55 13
0 56 12
0 57 16
0 58 7
0 59 17
0 60 12
0 61 9
0 62 12
0 63 13
0 64 13
0 65 15
0 66 16
0 67 7
0 68 8
0 69 10
0 70 13
0 71 7
0 72 17
0 73 10
0 74 15
0 75 12
0 76 10
0 77 9
0 78 13
0 79 10
0 80 13
0 81 13
0 82 13
0 83 17
0 84 12
0 85 14
0 86 7
0 87 10
0 88 11
0 89 7
0 90 8
0 91 13
0 92 11
0 93 9
0 94 13
0 95 16
0 96 6
0 97 15
0 98 14
0 99 11
1 0 9
1 1 13
1 2 15
1 3 15
1 4 15
1 5 13
1 6 14
1 7 12
1 8 7
1 9 15
1 10 6
1 11 11
1 12 15
1 13 11
1 14 10
1 15 15
1 16 12
1 17 12
1 18 15
1 19 16
1 20 16
1 21 12
1 22 15
1 23 11
1 24 8
1 25 6
1 26 11
1 27 8
1 28 10
1 29 16
1 30 13
1 31 17
1 32 16
1 33 6
1 34 16
1 35 11
1 36 17
1 37 16
1 38 11
1 39 15
1 40 10
1 41 15
1 42 12
1 43 13
1 44 7
1 45 14
1 46 17
1 47 15
1 48 12
1 49 12
1 50 14
1 51 13
1 52 16
1 53 9
1 54 9
1 55 13
1 56 13
1 57 16
1 58 8
1 59 16
1 60 12
1 61 9
1 62 14
1 63 13
1 64 14
1 65 18
1 66 16
1 67 7
1 68 10
1 69 12
1 70 15
1 71 7
1 72 16
1 73 11
1 74 17
1 75 13
1 76 12
1 77 11
1 78 15
1 79 9
1 80 13
1 81 15
1 82 12
1 83 18
1 84 13
1 85 15
1 86 9
1 87 9
1 88 12
1 89 8
1 90 8
1 91 13
1 92 11
1 93 9
1 94 13
1 95 16
1 96 6
1 97 18
1 98 14
1 99 13
2 0 10
2 1 13
2 2 13
2 3 16
2 4 16
2 5 14
2 6 11
2 7 12
2 8 6
2 9 12
2 10 7
2 11 9
2 12 16
2 13 10
2 14 11
2 15 14
2 16 11
2 17 10
2 18 13
2 19 15
2 20 16
2 21 11
2 22 13
2 23 9
2 24 6
2 25 6
2 26 10
2 27 7
2 28 11
2 29 15
2 30 11
2 31 15
2 32 16
2 33 7
2 34 14
2 35 8
2 36 15
2 37 14
2 38 10
2 39 15
2 40 8
2 41 14
2 42 13
2 43 10
2 44 7
2 45 15
2 46 14
2 47 12
2 48 13
2 49 10
2 50 13
2 51 12
2 52 15
2 53 9
2 54 7
2 55 13
2 56 12
2 57 15
2 58 6
2 59 17
2 60 12
2 61 9
2 62 11
2 63 14
2 64 12
2 65 16
2 66 16
2 67 6
2 68 9
2 69 12
2 70 14
2 71 7
2 72 16
2 73 10
2 74 16
2 75 14
2 76 12
2 77 10
2 78 14
2 79 8
2 80 11
2 81 13
2 82 13
2 83 17
2 84 11
2 85 15
2 86 8
2 87 8
2 88 10
2 89 7
2 90 9
2 91 13
2 92 10
2 93 8
2 94 13
2 95 16
2 96 6
2 97 17
2 98 12
2 99 10
