3 50 10 8 10.0 3.0 1.0 95
9 67 3
5 37 4
6 57 3
5 94 3
2 21 4
4 17 6
3 29 7
0 33 4
7 64 3
8 84 3
2 59 3
1 31 7
1 36 3
6 93 7
0 66 3
7 17 4
8 2 5
2 5 5
0 5 4
3 14 4
2 37 3
5 43 7
1 47 5
8 44 3
6 38 5
0 41 7
7 7 3
3 80 3
3 2 3
1 99 3
3 41 5
8 64 6
6 4 4
9 64 6
1 5 4
8 16 9
9 54 3
2 99 8
6 75 3
4 98 6
4 82 3
9 6 8
5 56 6
4 40 3
7 22 9
4 20 9
0 64 3
5 59 3
7 32 6
9 17 6
0 0 0.506175058862
0 1 0.574934530716
0 2 0.360548001291
0 3 0.903874561472
0 4 0.110824429329
0 5 0.261555629636
0 6 0.821409271334
0 7 0.548785019285
0 8 0.289336892677
0 9 0.561414577324
0 10 0.990547000353
0 11 0.703104584740
0 12 0.145905204637
0 13 0.648851164897
0 14 0.683074337298
0 15 0.350208262813
0 16 0.465216793712
0 17 0.591916594314
0 18 0.804148166424
0 19 0.438073859450
0 20 0.941746287903
0 21 0.331311824513
0 22 0.412141768297
0 23 0.806518052022
0 24 0.899704102461
0 25 0.969890699935
0 26 0.408755754629
0 27 0.674228831633
0 28 0.019704664331
0 29 0.660688704397
0 30 0.252719508314
0 31 0.970712448587
0 32 0.007971457291
0 33 0.481471139351
0 34 0.769814191307
0 35 0.957069768835
0 36 0.973057287552
0 37 0.065806910985
0 38 0.100551928982
0 39 0.050488981352
0 40 0.610022979066
0 41 0.493693463887
0 42 0.024660023095
0 43 0.457798034224
0 44 0.547281256600
0 45 0.246151993054
0 46 0.021585188060
0 47 0.077053057602
0 48 0.772980532703
0 49 0.997291048886
1 0 0.842776787716
1 1 0.164568859972
1 2 0.930919088773
1 3 0.759609465048
1 4 0.181107685249
1 5 0.160596664452
1 6 0.997633638069
1 7 0.433285572021
1 8 0.545288804428
1 9 0.290055407968
1 10 0.793773355274
1 11 0.207013666960
1 12 0.891299627717
1 13 0.642925755940
1 14 0.130998962030
1 15 0.465577387193
1 16 0.214986753935
1 17 0.583016057021
1 18 0.040309008811
1 19 0.797241676989
1 20 0.581841975732
1 21 0.851107889966
1 22 0.329541524577
1 23 0.243361807214
1 24 0.978218924581
1 25 0.163064347337
1 26 0.179122045086
1 27 0.722812600602
1 28 0.736607733459
1 29 0.532916066801
1 30 0.612932383114
1 31 0.639737363534
1 32 0.184394013790
1 33 0.307628459708
1 34 0.638460799405
1 35 0.451114136156
1 36 0.065754861452
1 37 0.158787471355
1 38 0.523478323586
1 39 0.323022042239
1 40 0.346124440443
1 41 0.469026422031
1 42 0.785061755213
1 43 0.362049348118
1 44 0.006448619221
1 45 0.819982572378
1 46 0.553745989095
1 47 0.754547871064
1 48 0.770915124173
1 49 0.660619603938
2 0 0.238800855352
2 1 0.271693702370
2 2 0.831397004399
2 3 0.046163519656
2 4 0.467571299312
2 5 0.369753197837
2 6 0.462224848544
2 7 0.140154086466
2 8 0.922109379559
2 9 0.733100041211
2 10 0.019438175690
2 11 0.146925773897
2 12 0.920751664463
2 13 0.043621507692
2 14 0.641654903921
2 15 0.890166892736
2 16 0.492446299814
2 17 0.868990703886
2 18 0.614853579045
2 19 0.949258370322
2 20 0.017426771257
2 21 0.635285516102
2 22 0.031163307288
2 23 0.897387820386
2 24 0.053412342640
2 25 0.427223700240
2 26 0.387603327962
2 27 0.402534951411
2 28 0.301266587761
2 29 0.956476902201
2 30 0.778356739091
2 31 0.786927808725
2 32 0.643321246297
2 33 0.052464247430
2 34 0.490884525068
2 35 0.341259885916
2 36 0.801339476078
2 37 0.936550149297
2 38 0.596169724426
2 39 0.422755154236
2 40 0.427238288871
2 41 0.457439548303
2 42 0.164035155878
2 43 0.392338391782
2 44 0.535467165343
2 45 0.293032393966
2 46 0.693244179822
2 47 0.122248841746
2 48 0.987075930278
2 49 0.676041058251
0 0 4
0 1 4
0 2 4
0 3 4
0 4 5
0 5 8
0 6 7
0 7 6
0 8 5
0 9 4
0 10 3
0 11 9
0 12 3
0 13 9
0 14 5
0 15 6
0 16 6
0 17 5
0 18 6
0 19 4
0 20 3
0 21 9
0 22 5
0 23 4
0 24 7
0 25 7
0 26 5
0 27 4
0 28 5
0 29 3
0 30 5
0 31 6
0 32 5
0 33 7
0 34 4
0 35 9
0 36 4
0 37 8
0 38 3
0 39 8
0 40 3
0 41 8
0 42 6
0 43 4
0 44 10
0 45 10
0 46 5
0 47 3
0 48 8
0 49 7
1 0 6
1 1 7
1 2 5
1 3 5
1 4 7
1 5 8
1 6 10
1 7 6
1 8 6
1 9 6
1 10 6
1 11 10
1 12 5
1 13 9
1 14 5
1 15 5
1 16 7
1 17 7
1 18 5
1 19 5
1 20 5
1 21 9
1 22 8
1 23 4
1 24 6
1 25 8
1 26 4
1 27 4
1 28 5
1 29 6
1 30 8
1 31 7
1 32 7
1 33 9
1 34 6
1 35 10
1 36 4
1 37 11
1 38 5
1 39 9
1 40 5
1 41 10
1 42 9
1 43 5
1 44 12
1 45 11
1 46 5
1 47 4
1 48 9
1 49 8
2 0 3
2 1 4
2 2 4
2 3 3
2 4 4
2 5 6
2 6 9
2 7 4
2 8 3
2 9 5
2 10 3
2 11 9
2 12 3
2 13 8
2 14 3
2 15 6
2 16 6
2 17 7
2 18 5
2 19 4
2 20 4
2 21 9
2 22 7
2 23 5
2 24 6
2 25 7
2 26 5
2 27 4
2 28 3
2 29 5
2 30 6
2 31 7
2 32 4
2 33 6
2 34 5
2 35 11
2 36 4
2 37 10
2 38 4
2 39 6
2 40 5
2 41 8
2 42 6
2 43 5
2 44 10
2 45 9
2 46 5
2 47 5
2 48 6
2 49 7
