3 10 10 1 2.0 1.0 1.5 95
2 20 5
9 49 8
1 91 7
5 90 7
3 57 7
6 44 14
8 81 13
7 36 13
0 69 14
4 23 12
0 0 0.521503209340
0 1 0.665402100248
0 2 0.915790361561
0 3 0.331619796085
0 4 0.858208076289
0 5 0.319785051353
0 6 0.026296303478
0 7 0.062542573791
0 8 0.140255836815
0 9 0.365115929148
1 0 0.348613732239
1 1 0.460393346538
1 2 0.926807872067
1 3 0.732701724749
1 4 0.782322420232
1 5 0.363115773409
1 6 0.319005637291
1 7 0.307972716044
1 8 0.462961043720
1 9 0.659752011690
2 0 0.725538232772
2 1 0.837565942086
2 2 0.053820771931
2 3 0.944559064316
2 4 0.644555991374
2 5 0.159299373392
2 6 0.200131626327
2 7 0.362688391537
2 8 0.567088621256
2 9 0.059739896842
0 0 9
0 1 12
0 2 11
0 3 12
0 4 12
0 5 17
0 6 16
0 7 16
0 8 17
0 9 16
1 0 7
1 1 9
1 2 8
1 3 8
1 4 10
1 5 17
1 6 16
1 7 14
1 8 16
1 9 14
2 0 9
2 1 11
2 2 11
2 3 11
2 4 12
2 5 17
2 6 18
2 7 18
2 8 18
2 9 16
