5 50 10 3 2.0 1.0 1.5 95
9 46 8
5 60 12
6 23 13
5 14 14
2 93 14
4 96 12
3 95 11
0 50 11
7 35 6
8 44 12
2 16 5
1 30 8
1 76 14
6 33 9
0 44 9
7 42 12
8 57 10
2 96 9
0 16 13
3 79 15
2 28 14
5 91 9
1 99 12
8 60 8
6 81 6
0 36 5
7 35 8
3 86 6
3 56 9
1 49 13
3 49 11
8 95 15
6 70 15
9 90 5
1 43 14
8 26 8
9 88 15
2 71 13
6 60 9
4 95 14
4 57 7
9 2 14
5 10 11
4 94 10
7 60 5
4 41 13
0 46 14
5 66 12
7 19 11
9 56 10
0 0 0.133567545415
0 1 0.686434108357
0 2 0.672141621097
0 3 0.441923007737
0 4 0.956819975225
0 5 0.553386992914
0 6 0.607023077438
0 7 0.106387707050
0 8 0.797508683427
0 9 0.918286965340
0 10 0.766764263952
0 11 0.634451292584
0 12 0.973301248390
0 13 0.050651932495
0 14 0.682600022592
0 15 0.050654284555
0 16 0.713359664110
0 17 0.052910850153
0 18 0.161112973249
0 19 0.540481054008
0 20 0.451894824784
0 21 0.238138607784
0 22 0.802927706562
0 23 0.183235746634
0 24 0.758718224201
0 25 0.638569126508
0 26 0.946916566174
0 27 0.261920436045
0 28 0.320938721882
0 29 0.469969400512
0 30 0.013912156715
0 31 0.066807816207
0 32 0.387506224398
0 33 0.294059118001
0 34 0.944498686780
0 35 0.181182037477
0 36 0.597037062487
0 37 0.198537035240
0 38 0.664895077060
0 39 0.117737726887
0 40 0.743347447628
0 41 0.042766423381
0 42 0.054206899506
0 43 0.208437053113
0 44 0.821564105346
0 45 0.111289593267
0 46 0.615921037140
0 47 0.628318534532
0 48 0.285641234391
0 49 0.414380825059
1 0 0.365895042220
1 1 0.727807409298
1 2 0.980033586870
1 3 0.799501331601
1 4 0.413281922007
1 5 0.318823490623
1 6 0.590967312643
1 7 0.031986998630
1 8 0.086150691835
1 9 0.015537214705
1 10 0.980269472609
1 11 0.893319622732
1 12 0.470509649225
1 13 0.147462895198
1 14 0.456277386980
1 15 0.092140400563
1 16 0.042979818197
1 17 0.971379420398
1 18 0.738186113385
1 19 0.238411615314
1 20 0.918252657740
1 21 0.855383909031
1 22 0.400036187313
1 23 0.540947820977
1 24 0.515241593920
1 25 0.446851945707
1 26 0.789403234596
1 27 0.486603773481
1 28 0.698542220859
1 29 0.160214931932
1 30 0.983788465476
1 31 0.751892880706
1 32 0.543595586589
1 33 0.122191698007
1 34 0.284012771032
1 35 0.884201879312
1 36 0.939681941302
1 37 0.122072077831
1 38 0.434089703708
1 39 0.868075840267
1 40 0.224874567621
1 41 0.806791402272
1 42 0.377778469654
1 43 0.291576138775
1 44 0.740307010140
1 45 0.777084451142
1 46 0.700661516403
1 47 0.192176769610
1 48 0.491337842487
1 49 0.454553333686
2 0 0.829774808496
2 1 0.621795466141
2 2 0.326292586413
2 3 0.260870273755
2 4 0.606665938185
2 5 0.834183599458
2 6 0.687347116796
2 7 0.981705845970
2 8 0.570015927591
2 9 0.908081906706
2 10 0.758867578609
2 11 0.742519414072
2 12 0.587651491236
2 13 0.885210949909
2 14 0.013316165577
2 15 0.957033688507
2 16 0.895819059850
2 17 0.195448018433
2 18 0.841404890380
2 19 0.567474200479
2 20 0.959415010144
2 21 0.361613630398
2 22 0.436664643081
2 23 0.480376252415
2 24 0.717926162950
2 25 0.447208587372
2 26 0.425410433327
2 27 0.331588946361
2 28 0.331029263274
2 29 0.929486768736
2 30 0.636143365920
2 31 0.250092177575
2 32 0.523526568964
2 33 0.991391145833
2 34 0.282607991168
2 35 0.637325957444
2 36 0.757010887328
2 37 0.367941765617
2 38 0.543368652161
2 39 0.228970069849
2 40 0.849361438831
2 41 0.956151529036
2 42 0.392624577493
2 43 0.056162920989
2 44 0.015262659762
2 45 0.586495234493
2 46 0.670132800438
2 47 0.561366082802
2 48 0.596779578592
2 49 0.763504251147
3 0 0.937028578836
3 1 0.964727069826
3 2 0.106534229554
3 3 0.217787752173
3 4 0.638218590416
3 5 0.358611687926
3 6 0.287500195412
3 7 0.651643463993
3 8 0.502336220044
3 9 0.170530283234
3 10 0.887724898331
3 11 0.545847500641
3 12 0.174932609575
3 13 0.009532588061
3 14 0.013347642547
3 15 0.569271859813
3 16 0.136964521451
3 17 0.147094188353
3 18 0.190652623228
3 19 0.268953866855
3 20 0.745474391387
3 21 0.201064782869
3 22 0.204218989483
3 23 0.454233455401
3 24 0.580241176531
3 25 0.447653417750
3 26 0.095667146402
3 27 0.334551937064
3 28 0.460663461051
3 29 0.196480358511
3 30 0.066360670339
3 31 0.421599566826
3 32 0.834203756740
3 33 0.586833109993
3 34 0.679417716689
3 35 0.853920231273
3 36 0.682780374451
3 37 0.817923351811
3 38 0.506477894383
3 39 0.688679115017
3 40 0.329702265157
3 41 0.158535446147
3 42 0.984823425210
3 43 0.660114726613
3 44 0.943396764555
3 45 0.181651199914
3 46 0.007500974501
3 47 0.515686317110
3 48 0.695078470344
3 49 0.351073600113
4 0 0.020789737100
4 1 0.570701955371
4 2 0.436055545818
4 3 0.959641398786
4 4 0.270853181765
4 5 0.298511065420
4 6 0.721308280838
4 7 0.249702624926
4 8 0.635640590431
4 9 0.317164857222
4 10 0.807334679389
4 11 0.883995830336
4 12 0.670549702022
4 13 0.824653750282
4 14 0.463350770992
4 15 0.685367122916
4 16 0.922153655101
4 17 0.206551730268
4 18 0.172835597192
4 19 0.375684671929
4 20 0.995563654195
4 21 0.568496499600
4 22 0.507422565448
4 23 0.720445194216
4 24 0.698927145428
4 25 0.336149512892
4 26 0.793228603894
4 27 0.538936592406
4 28 0.798595084873
4 29 0.730949124574
4 30 0.895928737890
4 31 0.715321602113
4 32 0.649384725763
4 33 0.453533596463
4 34 0.065519917077
4 35 0.659951985712
4 36 0.128911303877
4 37 0.103972095916
4 38 0.114824428431
4 39 0.811664006269
4 40 0.654609904265
4 41 0.400380491643
4 42 0.441602659890
4 43 0.349557964526
4 44 0.278155411763
4 45 0.096825438499
4 46 0.541646430051
4 47 0.260205231408
4 48 0.146970214441
4 49 0.538130303711
0 0 9
0 1 12
0 2 14
0 3 15
0 4 15
0 5 14
0 6 11
0 7 13
0 8 8
0 9 13
0 10 5
0 11 10
0 12 14
0 13 11
0 14 11
0 15 14
0 16 11
0 17 9
0 18 15
0 19 15
0 20 14
0 21 11
0 22 12
0 23 9
0 24 8
0 25 5
0 26 10
0 27 7
0 28 11
0 29 13
0 30 11
0 31 15
0 32 16
0 33 6
0 34 14
0 35 8
0 36 16
0 37 13
0 38 9
0 39 16
0 40 7
0 41 14
0 42 11
0 43 11
0 44 6
0 45 14
0 46 16
0 47 12
0 48 13
0 49 11
1 0 11
1 1 15
1 2 15
1 3 16
1 4 17
1 5 14
1 6 14
1 7 13
1 8 9
1 9 15
1 10 8
1 11 11
1 12 16
1 13 11
1 14 11
1 15 13
1 16 12
1 17 11
1 18 14
1 19 16
1 20 16
1 21 11
1 22 15
1 23 9
1 24 7
1 25 6
1 26 9
1 27 7
1 28 11
1 29 16
1 30 14
1 31 16
1 32 18
1 33 8
1 34 16
1 35 9
1 36 16
1 37 16
1 38 11
1 39 17
1 40 9
1 41 16
1 42 14
1 43 12
1 44 8
1 45 15
1 46 16
1 47 13
1 48 14
1 49 12
2 0 8
2 1 12
2 2 14
2 3 14
2 4 14
2 5 12
2 6 13
2 7 11
2 8 6
2 9 14
2 10 5
2 11 10
2 12 14
2 13 10
2 14 9
2 15 14
2 16 11
2 17 11
2 18 14
2 19 15
2 20 15
2 21 11
2 22 14
2 23 10
2 24 7
2 25 5
2 26 10
2 27 7
2 28 9
2 29 15
2 30 12
2 31 16
2 32 15
2 33 5
2 34 15
2 35 10
2 36 16
2 37 15
2 38 10
2 39 14
2 40 9
2 41 14
2 42 11
2 43 12
2 44 6
2 45 13
2 46 16
2 47 14
2 48 11
2 49 11
3 0 12
3 1 14
3 2 17
3 3 16
3 4 17
3 5 14
3 6 15
3 7 13
3 8 10
3 9 14
3 10 8
3 11 11
3 12 18
3 13 11
3 14 12
3 15 16
3 16 12
3 17 11
3 18 16
3 19 18
3 20 18
3 21 11
3 22 14
3 23 10
3 24 9
3 25 7
3 26 11
3 27 9
3 28 13
3 29 15
3 30 14
3 31 18
3 32 17
3 33 9
3 34 17
3 35 10
3 36 18
3 37 15
3 38 12
3 39 18
3 40 9
3 41 16
3 42 14
3 43 12
3 44 8
3 45 15
3 46 16
3 47 16
3 48 14
3 49 14
4 0 10
4 1 13
4 2 13
4 3 16
4 4 16
4 5 14
4 6 11
4 7 12
4 8 6
4 9 12
4 10 7
4 11 9
4 12 16
4 13 10
4 14 11
4 15 14
4 16 11
4 17 10
4 18 13
4 19 15
4 20 16
4 21 11
4 22 13
4 23 9
4 24 6
4 25 6
4 26 10
4 27 7
4 28 11
4 29 15
4 30 11
4 31 15
4 32 16
4 33 7
4 34 14
4 35 8
4 36 15
4 37 14
4 38 10
4 39 15
4 40 8
4 41 14
4 42 13
4 43 10
4 44 7
4 45 15
4 46 14
4 47 12
4 48 13
4 49 10
