5 100 15 6 2.0 1.0 1.5 95
10 20 5
0 49 8
3 91 7
2 90 7
13 57 7
12 44 14
1 81 13
9 36 13
11 69 14
13 23 12
10 88 9
14 65 12
12 87 5
3 57 11
4 96 7
7 30 12
0 60 8
6 92 5
8 2 5
10 49 5
5 42 11
0 73 12
4 80 14
4 28 12
6 60 9
1 23 14
4 27 8
5 71 7
9 96 11
11 43 10
5 95 13
2 91 12
2 33 12
6 31 15
11 85 8
5 26 10
9 44 12
2 55 10
8 70 14
8 56 5
13 16 6
1 84 14
7 42 11
0 60 5
11 69 6
1 35 7
8 93 10
3 98 11
2 19 13
11 46 11
2 14 8
1 82 8
9 93 15
6 41 12
3 69 7
8 23 6
9 82 8
3 60 11
3 56 5
11 46 9
12 17 9
2 91 8
10 94 9
14 46 9
12 59 5
5 86 15
7 18 8
0 63 9
1 10 9
6 43 7
14 77 5
5 60 12
10 30 15
9 61 14
5 60 13
13 79 8
7 50 5
13 15 10
3 99 13
6 1 6
10 66 6
14 58 7
1 41 8
7 79 12
4 95 5
8 89 8
4 95 10
14 13 13
9 16 14
0 22 14
12 64 10
4 76 15
8 58 5
7 21 13
12 19 15
14 35 10
7 54 8
0 28 10
6 41 11
13 49 8
0 0 0.521503209340
0 1 0.665402100248
0 2 0.915790361561
0 3 0.331619796085
0 4 0.858208076289
0 5 0.319785051353
0 6 0.026296303478
0 7 0.062542573791
0 8 0.140255836815
0 9 0.365115929148
0 10 0.766534549626
0 11 0.009459746000
0 12 0.259255422875
0 13 0.081710866462
0 14 0.270372617705
0 15 0.087421536521
0 16 0.199257362441
0 17 0.045095724596
0 18 0.484132533515
0 19 0.746574486683
0 20 0.105552911179
0 21 0.560110238074
0 22 0.969230222401
0 23 0.046282597304
0 24 0.620813902423
0 25 0.234896388720
0 26 0.993841359470
0 27 0.638411355572
0 28 0.447157337501
0 29 0.940840359088
0 30 0.623329225259
0 31 0.768664522967
0 32 0.283012677595
0 33 0.672329726752
0 34 0.931378317998
0 35 0.625969892329
0 36 0.159909341974
0 37 0.488057787617
0 38 0.944803539700
0 39 0.492778968751
0 40 0.379404963095
0 41 0.212994782712
0 42 0.247811222702
0 43 0.923276334057
0 44 0.112234093488
0 45 0.802732688372
0 46 0.066875277487
0 47 0.832832245723
0 48 0.457580614385
0 49 0.926912936757
0 50 0.496120147776
0 51 0.413856589714
0 52 0.408897840599
0 53 0.547864785177
0 54 0.620712136365
0 55 0.304411932260
0 56 0.172015684945
0 57 0.519306331604
0 58 0.388657640326
0 59 0.418231872228
0 60 0.199109314458
0 61 0.604314260602
0 62 0.266130714998
0 63 0.962352064973
0 64 0.848218960425
0 65 0.873043161686
0 66 0.006909377129
0 67 0.448810180580
0 68 0.683574971377
0 69 0.876127386874
0 70 0.871445853443
0 71 0.659051140171
0 72 0.131149350685
0 73 0.571788721561
0 74 0.978349882456
0 75 0.680675725387
0 76 0.037665130593
0 77 0.309189842011
0 78 0.124880488709
0 79 0.579123079696
0 80 0.947227620763
0 81 0.780095659678
0 82 0.355800368375
0 83 0.300603200121
0 84 0.028120614539
0 85 0.549419790520
0 86 0.249913579676
0 87 0.164920235335
0 88 0.643002165824
0 89 0.860716879662
0 90 0.821415030817
0 91 0.559909473111
0 92 0.701153795927
0 93 0.209842519398
0 94 0.273047947321
0 95 0.048713267852
0 96 0.230318701327
0 97 0.537790266704
0 98 0.737024423945
0 99 0.013152199166
1 0 0.348613732239
1 1 0.460393346538
1 2 0.926807872067
1 3 0.732701724749
1 4 0.782322420232
1 5 0.363115773409
1 6 0.319005637291
1 7 0.307972716044
1 8 0.462961043720
1 9 0.659752011690
1 10 0.919242769502
1 11 0.343237034030
1 12 0.811099086009
1 13 0.466440377753
1 14 0.775861669385
1 15 0.022995538978
1 16 0.862958090135
1 17 0.520674031177
1 18 0.955914783468
1 19 0.851750570385
1 20 0.600096689117
1 21 0.906525695868
1 22 0.306700823374
1 23 0.526380846374
1 24 0.439056338962
1 25 0.880363961568
1 26 0.374397765010
1 27 0.595407691568
1 28 0.722055717147
1 29 0.803662312209
1 30 0.037001388336
1 31 0.193631330380
1 32 0.916541160696
1 33 0.671122114658
1 34 0.784445189204
1 35 0.753608339276
1 36 0.803438846203
1 37 0.793619665833
1 38 0.119130229430
1 39 0.560745915729
1 40 0.882331114238
1 41 0.172808173948
1 42 0.728733371856
1 43 0.506396103637
1 44 0.017575348161
1 45 0.942114208629
1 46 0.717917999856
1 47 0.535058672464
1 48 0.527613714248
1 49 0.249026623382
1 50 0.844868766040
1 51 0.439262846988
1 52 0.993234993858
1 53 0.678985787878
1 54 0.499689248290
1 55 0.474032617937
1 56 0.248737885962
1 57 0.679830101095
1 58 0.766750390933
1 59 0.034485543207
1 60 0.877506628898
1 61 0.959632174609
1 62 0.865883726421
1 63 0.130671817125
1 64 0.349160289797
1 65 0.246839929830
1 66 0.938736479524
1 67 0.644556143801
1 68 0.540492295563
1 69 0.305182743236
1 70 0.340855450797
1 71 0.590265791875
1 72 0.801473535327
1 73 0.054133565413
1 74 0.198862521922
1 75 0.224159313021
1 76 0.147434079922
1 77 0.424931503396
1 78 0.825168069442
1 79 0.154352045726
1 80 0.242020801437
1 81 0.580340019519
1 82 0.573206620708
1 83 0.137767475453
1 84 0.657266907494
1 85 0.522819178228
1 86 0.119296544070
1 87 0.161173018639
1 88 0.636721998708
1 89 0.594606089375
1 90 0.900721546044
1 91 0.728562129926
1 92 0.143563577325
1 93 0.648904545535
1 94 0.439200818644
1 95 0.526175774075
1 96 0.126774048772
1 97 0.664857072742
1 98 0.702812697775
1 99 0.373253513082
2 0 0.725538232772
2 1 0.837565942086
2 2 0.053820771931
2 3 0.944559064316
2 4 0.644555991374
2 5 0.159299373392
2 6 0.200131626327
2 7 0.362688391537
2 8 0.567088621256
2 9 0.059739896842
2 10 0.659205295153
2 11 0.093319090472
2 12 0.459169192928
2 13 0.815873617819
2 14 0.064752418178
2 15 0.114245927707
2 16 0.761078785190
2 17 0.675582261614
2 18 0.254815426160
2 19 0.454582023745
2 20 0.358794574766
2 21 0.324135494322
2 22 0.412382184541
2 23 0.542321052854
2 24 0.254418636677
2 25 0.740165620758
2 26 0.194136589892
2 27 0.623394340250
2 28 0.956036745420
2 29 0.428198890114
2 30 0.587372238484
2 31 0.996381631500
2 32 0.300637599758
2 33 0.330822396540
2 34 0.388655179029
2 35 0.376931004952
2 36 0.860500523936
2 37 0.965756406003
2 38 0.344694108512
2 39 0.901937163978
2 40 0.731013132195
2 41 0.244450263831
2 42 0.893249083577
2 43 0.305292244746
2 44 0.344660876589
2 45 0.655417537292
2 46 0.863907742362
2 47 0.818588462016
2 48 0.986046438508
2 49 0.828855616420
2 50 0.337413747862
2 51 0.558515001795
2 52 0.739909717243
2 53 0.884996512799
2 54 0.323221213294
2 55 0.458379463042
2 56 0.053812480098
2 57 0.774642025128
2 58 0.558448000510
2 59 0.977127469564
2 60 0.132793483731
2 61 0.844844044045
2 62 0.021531912054
2 63 0.182088757838
2 64 0.320807400149
2 65 0.976873013334
2 66 0.518920644192
2 67 0.127886255526
2 68 0.309757667456
2 69 0.618525418849
2 70 0.727814075662
2 71 0.627704775641
2 72 0.146942714201
2 73 0.206480040282
2 74 0.165271426727
2 75 0.258021259076
2 76 0.916474205148
2 77 0.220817340124
2 78 0.260316357042
2 79 0.248292038862
2 80 0.038554747107
2 81 0.459325460853
2 82 0.242559233327
2 83 0.476141905418
2 84 0.503691547649
2 85 0.641228274269
2 86 0.216523492117
2 87 0.047604125507
2 88 0.404455482530
2 89 0.408760512101
2 90 0.634401993708
2 91 0.883410600976
2 92 0.597840106359
2 93 0.039870538632
2 94 0.191141088369
2 95 0.626592642056
2 96 0.449131015663
2 97 0.949664879744
2 98 0.999495375774
2 99 0.301414910797
3 0 0.389400576794
3 1 0.962953777668
3 2 0.623728469064
3 3 0.178366069863
3 4 0.227399848955
3 5 0.426674699742
3 6 0.410664997769
3 7 0.994522042427
3 8 0.339627720744
3 9 0.210782971818
3 10 0.742934149954
3 11 0.771550485718
3 12 0.861305643167
3 13 0.819750247488
3 14 0.247393321318
3 15 0.119243884050
3 16 0.376344352092
3 17 0.708323581508
3 18 0.462295135471
3 19 0.696974280033
3 20 0.430293705713
3 21 0.121605693390
3 22 0.305676823225
3 23 0.423866203062
3 24 0.952819005165
3 25 0.497922207676
3 26 0.299184949201
3 27 0.027979528564
3 28 0.735474669978
3 29 0.936040264339
3 30 0.345362333395
3 31 0.278764396639
3 32 0.582431080142
3 33 0.839194813504
3 34 0.267378168115
3 35 0.884952087683
3 36 0.022414621333
3 37 0.018505107219
3 38 0.403664222930
3 39 0.101483399766
3 40 0.715604296388
3 41 0.952270158042
3 42 0.474460512785
3 43 0.034940056640
3 44 0.185778459228
3 45 0.858223705421
3 46 0.031947932404
3 47 0.618066399292
3 48 0.878672663759
3 49 0.124437508275
3 50 0.074663480920
3 51 0.561217734625
3 52 0.452111271703
3 53 0.681847814373
3 54 0.905035647654
3 55 0.662009083324
3 56 0.339991235987
3 57 0.157981253304
3 58 0.975684330199
3 59 0.317686797072
3 60 0.817393136589
3 61 0.658068698767
3 62 0.115397026385
3 63 0.502435584162
3 64 0.296969016407
3 65 0.572883529280
3 66 0.726024532100
3 67 0.015864754540
3 68 0.553612654690
3 69 0.517975659859
3 70 0.989874323583
3 71 0.287707450648
3 72 0.771143952969
3 73 0.593595232240
3 74 0.058004114883
3 75 0.539127194639
3 76 0.556913638877
3 77 0.326071665216
3 78 0.622905521075
3 79 0.734452649048
3 80 0.107352816717
3 81 0.853181599289
3 82 0.356769101397
3 83 0.966196896548
3 84 0.640192108214
3 85 0.627962479774
3 86 0.593244509905
3 87 0.929955483058
3 88 0.789786683973
3 89 0.909995723291
3 90 0.847625296741
3 91 0.137366687681
3 92 0.898896991810
3 93 0.039724403218
3 94 0.109854188911
3 95 0.333211457248
3 96 0.062307970282
3 97 0.387560298054
3 98 0.353469651036
3 99 0.031339889187
4 0 0.945516695430
4 1 0.251088448761
4 2 0.660321814204
4 3 0.287552851656
4 4 0.436186421101
4 5 0.724229156545
4 6 0.722702554537
4 7 0.891681243437
4 8 0.847794077015
4 9 0.498926712159
4 10 0.976113108781
4 11 0.582766162759
4 12 0.538691153967
4 13 0.680960328744
4 14 0.555935381379
4 15 0.549216046739
4 16 0.998061066825
4 17 0.164749001081
4 18 0.186695397292
4 19 0.409486844818
4 20 0.925981607410
4 21 0.134104551125
4 22 0.238628637710
4 23 0.441491999265
4 24 0.251618200396
4 25 0.912143541176
4 26 0.878735208242
4 27 0.188039980371
4 28 0.193797373241
4 29 0.650016943690
4 30 0.636402317274
4 31 0.472987154517
4 32 0.529313936574
4 33 0.444526101120
4 34 0.508345419465
4 35 0.605047338483
4 36 0.889612835262
4 37 0.485149901841
4 38 0.636380744510
4 39 0.816229093316
4 40 0.466482702924
4 41 0.200687390575
4 42 0.358131526676
4 43 0.725113740080
4 44 0.843977876438
4 45 0.618152982302
4 46 0.931936577764
4 47 0.684452852185
4 48 0.709113112704
4 49 0.759537760236
4 50 0.671851956245
4 51 0.204252421766
4 52 0.481667102439
4 53 0.256093059143
4 54 0.844404918241
4 55 0.241085306125
4 56 0.162958091954
4 57 0.827096334907
4 58 0.662774031155
4 59 0.451420323405
4 60 0.366567628169
4 61 0.608108170459
4 62 0.665632425007
4 63 0.115728144731
4 64 0.375176370318
4 65 0.623646117242
4 66 0.401948516381
4 67 0.614595239919
4 68 0.550879786938
4 69 0.900394510526
4 70 0.101382432871
4 71 0.725769333307
4 72 0.190487810415
4 73 0.746159776584
4 74 0.708635834720
4 75 0.561929098964
4 76 0.674325331962
4 77 0.984503364630
4 78 0.820482419655
4 79 0.431127473376
4 80 0.668756078912
4 81 0.678737860916
4 82 0.974460820814
4 83 0.474873079227
4 84 0.185300591148
4 85 0.810621970174
4 86 0.691900522079
4 87 0.567222666495
4 88 0.104963691436
4 89 0.607551604653
4 90 0.347235161495
4 91 0.641308977868
4 92 0.014465577872
4 93 0.168067239430
4 94 0.830179893669
4 95 0.410693412022
4 96 0.485625270009
4 97 0.357622242632
4 98 0.676987203713
4 99 0.163451550689
0 0 9
0 1 12
0 2 11
0 3 12
0 4 12
0 5 17
0 6 16
0 7 16
0 8 17
0 9 16
0 10 13
0 11 15
0 12 8
0 13 14
0 14 12
0 15 17
0 16 13
0 17 8
0 18 9
0 19 9
0 20 15
0 21 15
0 22 18
0 23 16
0 24 14
0 25 17
0 26 13
0 27 12
0 28 15
0 29 14
0 30 17
0 31 17
0 32 17
0 33 20
0 34 13
0 35 13
0 36 17
0 37 14
0 38 19
0 39 9
0 40 10
0 41 19
0 42 14
0 43 10
0 44 9
0 45 10
0 46 15
0 47 14
0 48 16
0 49 16
0 50 11
0 51 11
0 52 19
0 53 15
0 54 12
0 55 10
0 56 13
0 57 14
0 58 10
0 59 12
0 60 13
0 61 12
0 62 13
0 63 13
0 64 9
0 65 20
0 66 12
0 67 13
0 68 12
0 69 11
0 70 8
0 71 15
0 72 19
0 73 19
0 74 17
0 75 13
0 76 8
0 77 15
0 78 16
0 79 9
0 80 10
0 81 11
0 82 13
0 83 16
0 84 10
0 85 11
0 86 15
0 87 16
0 88 18
0 89 18
0 90 15
0 91 20
0 92 8
0 93 18
0 94 19
0 95 14
0 96 11
0 97 13
0 98 14
0 99 11
1 0 6
1 1 11
1 2 9
1 3 8
1 4 8
1 5 17
1 6 15
1 7 15
1 8 16
1 9 13
1 10 12
1 11 15
1 12 6
1 13 13
1 14 9
1 15 13
1 16 9
1 17 7
1 18 6
1 19 8
1 20 12
1 21 13
1 22 15
1 23 13
1 24 12
1 25 15
1 26 9
1 27 10
1 28 14
1 29 11
1 30 14
1 31 15
1 32 13
1 33 17
1 34 10
1 35 11
1 36 14
1 37 11
1 38 16
1 39 7
1 40 7
1 41 15
1 42 12
1 43 7
1 44 8
1 45 8
1 46 11
1 47 13
1 48 15
1 49 13
1 50 10
1 51 10
1 52 16
1 53 14
1 54 10
1 55 9
1 56 11
1 57 13
1 58 8
1 59 10
1 60 12
1 61 9
1 62 12
1 63 11
1 64 8
1 65 16
1 66 9
1 67 12
1 68 11
1 69 10
1 70 6
1 71 14
1 72 18
1 73 16
1 74 14
1 75 11
1 76 6
1 77 12
1 78 16
1 79 8
1 80 7
1 81 8
1 82 10
1 83 14
1 84 7
1 85 9
1 86 11
1 87 15
1 88 16
1 89 16
1 90 11
1 91 18
1 92 8
1 93 15
1 94 17
1 95 12
1 96 9
1 97 13
1 98 13
1 99 10
2 0 10
2 1 12
2 2 12
2 3 10
2 4 10
2 5 17
2 6 16
2 7 18
2 8 18
2 9 17
2 10 14
2 11 15
2 12 10
2 13 16
2 14 12
2 15 17
2 16 13
2 17 10
2 18 9
2 19 10
2 20 15
2 21 16
2 22 17
2 23 17
2 24 12
2 25 17
2 26 13
2 27 10
2 28 14
2 29 13
2 30 17
2 31 16
2 32 16
2 33 19
2 34 11
2 35 15
2 36 16
2 37 15
2 38 17
2 39 8
2 40 11
2 41 19
2 42 15
2 43 9
2 44 10
2 45 10
2 46 14
2 47 14
2 48 16
2 49 14
2 50 13
2 51 13
2 52 19
2 53 17
2 54 12
2 55 10
2 56 12
2 57 14
2 58 10
2 59 13
2 60 14
2 61 13
2 62 12
2 63 14
2 64 9
2 65 19
2 66 12
2 67 14
2 68 12
2 69 10
2 70 8
2 71 15
2 72 20
2 73 17
2 74 16
2 75 12
2 76 8
2 77 15
2 78 18
2 79 10
2 80 10
2 81 12
2 82 12
2 83 16
2 84 8
2 85 13
2 86 14
2 87 16
2 88 17
2 89 17
2 90 15
2 91 19
2 92 10
2 93 16
2 94 18
2 95 14
2 96 12
2 97 13
2 98 16
2 99 13
3 0 9
3 1 13
3 2 12
3 3 11
3 4 11
3 5 17
3 6 17
3 7 17
3 8 18
3 9 15
3 10 14
3 11 15
3 12 10
3 13 14
3 14 10
3 15 17
3 16 11
3 17 8
3 18 9
3 19 8
3 20 14
3 21 16
3 22 17
3 23 15
3 24 12
3 25 18
3 26 11
3 27 10
3 28 14
3 29 13
3 30 17
3 31 15
3 32 16
3 33 20
3 34 13
3 35 15
3 36 17
3 37 15
3 38 17
3 39 9
3 40 9
3 41 17
3 42 16
3 43 10
3 44 10
3 45 11
3 46 15
3 47 14
3 48 16
3 49 15
3 50 13
3 51 13
3 52 18
3 53 16
3 54 10
3 55 9
3 56 13
3 57 14
3 58 8
3 59 12
3 60 12
3 61 11
3 62 14
3 63 12
3 64 8
3 65 18
3 66 12
3 67 12
3 68 13
3 69 11
3 70 9
3 71 16
3 72 18
3 73 18
3 74 18
3 75 13
3 76 9
3 77 13
3 78 17
3 79 10
3 80 11
3 81 12
3 82 13
3 83 17
3 84 10
3 85 13
3 86 15
3 87 16
3 88 18
3 89 18
3 90 13
3 91 20
3 92 10
3 93 16
3 94 18
3 95 15
3 96 13
3 97 15
3 98 16
3 99 12
4 0 8
4 1 11
4 2 8
4 3 9
4 4 9
4 5 15
4 6 16
4 7 16
4 8 16
4 9 13
4 10 10
4 11 14
4 12 8
4 13 13
4 14 9
4 15 15
4 16 11
4 17 8
4 18 7
4 19 8
4 20 12
4 21 14
4 22 17
4 23 14
4 24 11
4 25 16
4 26 9
4 27 8
4 28 14
4 29 13
4 30 15
4 31 15
4 32 13
4 33 16
4 34 11
4 35 12
4 36 13
4 37 13
4 38 15
4 39 8
4 40 7
4 41 17
4 42 13
4 43 6
4 44 9
4 45 9
4 46 13
4 47 12
4 48 15
4 49 12
4 50 9
4 51 9
4 52 18
4 53 15
4 54 10
4 55 7
4 56 11
4 57 12
4 58 6
4 59 12
4 60 12
4 61 11
4 62 11
4 63 10
4 64 7
4 65 16
4 66 9
4 67 11
4 68 11
4 69 10
4 70 8
4 71 14
4 72 16
4 73 17
4 74 16
4 75 10
4 76 7
4 77 11
4 78 15
4 79 9
4 80 7
4 81 9
4 82 9
4 83 15
4 84 6
4 85 10
4 86 11
4 87 16
4 88 15
4 89 17
4 90 12
4 91 16
4 92 7
4 93 14
4 94 18
4 95 11
4 96 9
4 97 11
4 98 12
4 99 11
