5 20 10 2 2.0 1.0 1.5 95
4 20 5
1 49 8
1 91 7
0 90 7
5 57 7
4 44 14
8 81 13
0 36 13
6 69 14
7 23 12
2 88 9
9 65 12
5 87 5
6 57 11
3 96 7
7 30 12
2 60 8
9 92 5
3 2 5
8 49 5
0 0 0.521503209340
0 1 0.665402100248
0 2 0.915790361561
0 3 0.331619796085
0 4 0.858208076289
0 5 0.319785051353
0 6 0.026296303478
0 7 0.062542573791
0 8 0.140255836815
0 9 0.365115929148
0 10 0.766534549626
0 11 0.009459746000
0 12 0.259255422875
0 13 0.081710866462
0 14 0.270372617705
0 15 0.087421536521
0 16 0.199257362441
0 17 0.045095724596
0 18 0.484132533515
0 19 0.746574486683
1 0 0.348613732239
1 1 0.460393346538
1 2 0.926807872067
1 3 0.732701724749
1 4 0.782322420232
1 5 0.363115773409
1 6 0.319005637291
1 7 0.307972716044
1 8 0.462961043720
1 9 0.659752011690
1 10 0.919242769502
1 11 0.343237034030
1 12 0.811099086009
1 13 0.466440377753
1 14 0.775861669385
1 15 0.022995538978
1 16 0.862958090135
1 17 0.520674031177
1 18 0.955914783468
1 19 0.851750570385
2 0 0.725538232772
2 1 0.837565942086
2 2 0.053820771931
2 3 0.944559064316
2 4 0.644555991374
2 5 0.159299373392
2 6 0.200131626327
2 7 0.362688391537
2 8 0.567088621256
2 9 0.059739896842
2 10 0.659205295153
2 11 0.093319090472
2 12 0.459169192928
2 13 0.815873617819
2 14 0.064752418178
2 15 0.114245927707
2 16 0.761078785190
2 17 0.675582261614
2 18 0.254815426160
2 19 0.454582023745
3 0 0.389400576794
3 1 0.962953777668
3 2 0.623728469064
3 3 0.178366069863
3 4 0.227399848955
3 5 0.426674699742
3 6 0.410664997769
3 7 0.994522042427
3 8 0.339627720744
3 9 0.210782971818
3 10 0.742934149954
3 11 0.771550485718
3 12 0.861305643167
3 13 0.819750247488
3 14 0.247393321318
3 15 0.119243884050
3 16 0.376344352092
3 17 0.708323581508
3 18 0.462295135471
3 19 0.696974280033
4 0 0.945516695430
4 1 0.251088448761
4 2 0.660321814204
4 3 0.287552851656
4 4 0.436186421101
4 5 0.724229156545
4 6 0.722702554537
4 7 0.891681243437
4 8 0.847794077015
4 9 0.498926712159
4 10 0.976113108781
4 11 0.582766162759
4 12 0.538691153967
4 13 0.680960328744
4 14 0.555935381379
4 15 0.549216046739
4 16 0.998061066825
4 17 0.164749001081
4 18 0.186695397292
4 19 0.409486844818
0 0 9
0 1 12
0 2 11
0 3 12
0 4 12
0 5 17
0 6 16
0 7 16
0 8 17
0 9 16
0 10 13
0 11 15
0 12 8
0 13 14
0 14 12
0 15 17
0 16 13
0 17 8
0 18 9
0 19 9
1 0 7
1 1 9
1 2 9
1 3 9
1 4 10
1 5 15
1 6 16
1 7 16
1 8 16
1 9 14
1 10 11
1 11 15
1 12 8
1 13 14
1 14 10
1 15 13
1 16 11
1 17 7
1 18 8
1 19 7
2 0 9
2 1 13
2 2 10
2 3 12
2 4 10
2 5 17
2 6 18
2 7 16
2 8 17
2 9 17
2 10 12
2 11 15
2 12 9
2 13 14
2 14 12
2 15 16
2 16 13
2 17 8
2 18 10
2 19 8
3 0 9
3 1 12
3 2 11
3 3 11
3 4 11
3 5 19
3 6 17
3 7 17
3 8 17
3 9 16
3 10 12
3 11 15
3 12 9
3 13 16
3 14 11
3 15 17
3 16 11
3 17 10
3 18 8
3 19 8
4 0 7
4 1 10
4 2 10
4 3 9
4 4 10
4 5 15
4 6 16
4 7 14
4 8 16
4 9 14
4 10 12
4 11 15
4 12 6
4 13 14
4 14 9
4 15 14
4 16 9
4 17 6
4 18 6
4 19 6
