5 50 10 3 2.0 1.0 1.5 95
7 20 5
1 49 8
5 91 7
3 90 7
8 57 7
7 44 14
9 81 13
2 36 13
6 69 14
8 23 12
4 88 9
9 65 12
7 87 5
8 57 11
0 96 7
3 30 12
2 60 8
9 92 5
2 2 5
6 49 5
3 42 11
0 73 12
0 80 14
9 28 12
2 60 9
5 23 14
1 27 8
6 71 7
7 96 11
7 43 10
3 95 13
9 91 12
0 33 12
5 31 15
6 85 8
6 26 10
5 44 12
0 55 10
4 70 14
4 56 5
8 16 6
3 84 14
1 42 11
4 60 5
4 69 6
2 35 7
1 93 10
1 98 11
8 19 13
5 46 11
0 0 0.521503209340
0 1 0.665402100248
0 2 0.915790361561
0 3 0.331619796085
0 4 0.858208076289
0 5 0.319785051353
0 6 0.026296303478
0 7 0.062542573791
0 8 0.140255836815
0 9 0.365115929148
0 10 0.766534549626
0 11 0.009459746000
0 12 0.259255422875
0 13 0.081710866462
0 14 0.270372617705
0 15 0.087421536521
0 16 0.199257362441
0 17 0.045095724596
0 18 0.484132533515
0 19 0.746574486683
0 20 0.105552911179
0 21 0.560110238074
0 22 0.969230222401
0 23 0.046282597304
0 24 0.620813902423
0 25 0.234896388720
0 26 0.993841359470
0 27 0.638411355572
0 28 0.447157337501
0 29 0.940840359088
0 30 0.623329225259
0 31 0.768664522967
0 32 0.283012677595
0 33 0.672329726752
0 34 0.931378317998
0 35 0.625969892329
0 36 0.159909341974
0 37 0.488057787617
0 38 0.944803539700
0 39 0.492778968751
0 40 0.379404963095
0 41 0.212994782712
0 42 0.247811222702
0 43 0.923276334057
0 44 0.112234093488
0 45 0.802732688372
0 46 0.066875277487
0 47 0.832832245723
0 48 0.457580614385
0 49 0.926912936757
1 0 0.348613732239
1 1 0.460393346538
1 2 0.926807872067
1 3 0.732701724749
1 4 0.782322420232
1 5 0.363115773409
1 6 0.319005637291
1 7 0.307972716044
1 8 0.462961043720
1 9 0.659752011690
1 10 0.919242769502
1 11 0.343237034030
1 12 0.811099086009
1 13 0.466440377753
1 14 0.775861669385
1 15 0.022995538978
1 16 0.862958090135
1 17 0.520674031177
1 18 0.955914783468
1 19 0.851750570385
1 20 0.600096689117
1 21 0.906525695868
1 22 0.306700823374
1 23 0.526380846374
1 24 0.439056338962
1 25 0.880363961568
1 26 0.374397765010
1 27 0.595407691568
1 28 0.722055717147
1 29 0.803662312209
1 30 0.037001388336
1 31 0.193631330380
1 32 0.916541160696
1 33 0.671122114658
1 34 0.784445189204
1 35 0.753608339276
1 36 0.803438846203
1 37 0.793619665833
1 38 0.119130229430
1 39 0.560745915729
1 40 0.882331114238
1 41 0.172808173948
1 42 0.728733371856
1 43 0.506396103637
1 44 0.017575348161
1 45 0.942114208629
1 46 0.717917999856
1 47 0.535058672464
1 48 0.527613714248
1 49 0.249026623382
2 0 0.725538232772
2 1 0.837565942086
2 2 0.053820771931
2 3 0.944559064316
2 4 0.644555991374
2 5 0.159299373392
2 6 0.200131626327
2 7 0.362688391537
2 8 0.567088621256
2 9 0.059739896842
2 10 0.659205295153
2 11 0.093319090472
2 12 0.459169192928
2 13 0.815873617819
2 14 0.064752418178
2 15 0.114245927707
2 16 0.761078785190
2 17 0.675582261614
2 18 0.254815426160
2 19 0.454582023745
2 20 0.358794574766
2 21 0.324135494322
2 22 0.412382184541
2 23 0.542321052854
2 24 0.254418636677
2 25 0.740165620758
2 26 0.194136589892
2 27 0.623394340250
2 28 0.956036745420
2 29 0.428198890114
2 30 0.587372238484
2 31 0.996381631500
2 32 0.300637599758
2 33 0.330822396540
2 34 0.388655179029
2 35 0.376931004952
2 36 0.860500523936
2 37 0.965756406003
2 38 0.344694108512
2 39 0.901937163978
2 40 0.731013132195
2 41 0.244450263831
2 42 0.893249083577
2 43 0.305292244746
2 44 0.344660876589
2 45 0.655417537292
2 46 0.863907742362
2 47 0.818588462016
2 48 0.986046438508
2 49 0.828855616420
3 0 0.389400576794
3 1 0.962953777668
3 2 0.623728469064
3 3 0.178366069863
3 4 0.227399848955
3 5 0.426674699742
3 6 0.410664997769
3 7 0.994522042427
3 8 0.339627720744
3 9 0.210782971818
3 10 0.742934149954
3 11 0.771550485718
3 12 0.861305643167
3 13 0.819750247488
3 14 0.247393321318
3 15 0.119243884050
3 16 0.376344352092
3 17 0.708323581508
3 18 0.462295135471
3 19 0.696974280033
3 20 0.430293705713
3 21 0.121605693390
3 22 0.305676823225
3 23 0.423866203062
3 24 0.952819005165
3 25 0.497922207676
3 26 0.299184949201
3 27 0.027979528564
3 28 0.735474669978
3 29 0.936040264339
3 30 0.345362333395
3 31 0.278764396639
3 32 0.582431080142
3 33 0.839194813504
3 34 0.267378168115
3 35 0.884952087683
3 36 0.022414621333
3 37 0.018505107219
3 38 0.403664222930
3 39 0.101483399766
3 40 0.715604296388
3 41 0.952270158042
3 42 0.474460512785
3 43 0.034940056640
3 44 0.185778459228
3 45 0.858223705421
3 46 0.031947932404
3 47 0.618066399292
3 48 0.878672663759
3 49 0.124437508275
4 0 0.945516695430
4 1 0.251088448761
4 2 0.660321814204
4 3 0.287552851656
4 4 0.436186421101
4 5 0.724229156545
4 6 0.722702554537
4 7 0.891681243437
4 8 0.847794077015
4 9 0.498926712159
4 10 0.976113108781
4 11 0.582766162759
4 12 0.538691153967
4 13 0.680960328744
4 14 0.555935381379
4 15 0.549216046739
4 16 0.998061066825
4 17 0.164749001081
4 18 0.186695397292
4 19 0.409486844818
4 20 0.925981607410
4 21 0.134104551125
4 22 0.238628637710
4 23 0.441491999265
4 24 0.251618200396
4 25 0.912143541176
4 26 0.878735208242
4 27 0.188039980371
4 28 0.193797373241
4 29 0.650016943690
4 30 0.636402317274
4 31 0.472987154517
4 32 0.529313936574
4 33 0.444526101120
4 34 0.508345419465
4 35 0.605047338483
4 36 0.889612835262
4 37 0.485149901841
4 38 0.636380744510
4 39 0.816229093316
4 40 0.466482702924
4 41 0.200687390575
4 42 0.358131526676
4 43 0.725113740080
4 44 0.843977876438
4 45 0.618152982302
4 46 0.931936577764
4 47 0.684452852185
4 48 0.709113112704
4 49 0.759537760236
0 0 9
0 1 12
0 2 11
0 3 12
0 4 12
0 5 17
0 6 16
0 7 16
0 8 17
0 9 16
0 10 13
0 11 15
0 12 8
0 13 14
0 14 12
0 15 17
0 16 13
0 17 8
0 18 9
0 19 9
0 20 15
0 21 15
0 22 18
0 23 16
0 24 14
0 25 17
0 26 13
0 27 12
0 28 15
0 29 14
0 30 17
0 31 17
0 32 17
0 33 20
0 34 13
0 35 13
0 36 17
0 37 14
0 38 19
0 39 9
0 40 10
0 41 19
0 42 14
0 43 10
0 44 9
0 45 10
0 46 15
0 47 14
0 48 16
0 49 16
1 0 6
1 1 9
1 2 9
1 3 8
1 4 10
1 5 16
1 6 16
1 7 14
1 8 17
1 9 13
1 10 11
1 11 14
1 12 7
1 13 13
1 14 9
1 15 15
1 16 10
1 17 7
1 18 6
1 19 7
1 20 12
1 21 13
1 22 16
1 23 15
1 24 11
1 25 17
1 26 9
1 27 10
1 28 12
1 29 11
1 30 15
1 31 14
1 32 15
1 33 17
1 34 11
1 35 11
1 36 15
1 37 11
1 38 16
1 39 7
1 40 9
1 41 17
1 42 12
1 43 8
1 44 8
1 45 9
1 46 11
1 47 12
1 48 14
1 49 12
2 0 8
2 1 13
2 2 11
2 3 10
2 4 10
2 5 19
2 6 17
2 7 17
2 8 18
2 9 15
2 10 14
2 11 17
2 12 8
2 13 15
2 14 11
2 15 15
2 16 11
2 17 9
2 18 8
2 19 10
2 20 14
2 21 15
2 22 17
2 23 15
2 24 14
2 25 17
2 26 11
2 27 12
2 28 16
2 29 13
2 30 16
2 31 17
2 32 15
2 33 19
2 34 12
2 35 13
2 36 16
2 37 13
2 38 18
2 39 9
2 40 9
2 41 17
2 42 14
2 43 9
2 44 10
2 45 10
2 46 13
2 47 15
2 48 17
2 49 15
3 0 9
3 1 12
3 2 10
3 3 11
3 4 12
3 5 19
3 6 18
3 7 17
3 8 19
3 9 15
3 10 14
3 11 15
3 12 10
3 13 15
3 14 12
3 15 15
3 16 11
3 17 10
3 18 9
3 19 10
3 20 14
3 21 16
3 22 19
3 23 16
3 24 12
3 25 19
3 26 11
3 27 11
3 28 16
3 29 14
3 30 16
3 31 15
3 32 16
3 33 19
3 34 12
3 35 13
3 36 15
3 37 14
3 38 18
3 39 9
3 40 9
3 41 19
3 42 16
3 43 9
3 44 10
3 45 11
3 46 13
3 47 16
3 48 17
3 49 15
4 0 8
4 1 10
4 2 10
4 3 8
4 4 8
4 5 15
4 6 14
4 7 16
4 8 16
4 9 15
4 10 12
4 11 13
4 12 8
4 13 14
4 14 10
4 15 15
4 16 11
4 17 8
4 18 7
4 19 8
4 20 13
4 21 14
4 22 15
4 23 15
4 24 10
4 25 15
4 26 11
4 27 8
4 28 12
4 29 11
4 30 15
4 31 14
4 32 14
4 33 17
4 34 9
4 35 13
4 36 14
4 37 13
4 38 15
4 39 6
4 40 9
4 41 17
4 42 13
4 43 7
4 44 8
4 45 8
4 46 12
4 47 12
4 48 14
4 49 12
