5 20 10 2 2.0 1.0 1.5 95
9 46 8
8 60 12
3 23 13
5 14 14
7 93 14
7 96 12
1 95 11
6 50 11
4 35 6
9 44 12
2 16 5
4 30 8
0 76 14
2 33 9
3 44 9
0 42 12
1 57 10
5 96 9
6 16 13
8 79 15
0 0 0.133567545415
0 1 0.686434108357
0 2 0.672141621097
0 3 0.441923007737
0 4 0.956819975225
0 5 0.553386992914
0 6 0.607023077438
0 7 0.106387707050
0 8 0.797508683427
0 9 0.918286965340
0 10 0.766764263952
0 11 0.634451292584
0 12 0.973301248390
0 13 0.050651932495
0 14 0.682600022592
0 15 0.050654284555
0 16 0.713359664110
0 17 0.052910850153
0 18 0.161112973249
0 19 0.540481054008
1 0 0.365895042220
1 1 0.727807409298
1 2 0.980033586870
1 3 0.799501331601
1 4 0.413281922007
1 5 0.318823490623
1 6 0.590967312643
1 7 0.031986998630
1 8 0.086150691835
1 9 0.015537214705
1 10 0.980269472609
1 11 0.893319622732
1 12 0.470509649225
1 13 0.147462895198
1 14 0.456277386980
1 15 0.092140400563
1 16 0.042979818197
1 17 0.971379420398
1 18 0.738186113385
1 19 0.238411615314
2 0 0.829774808496
2 1 0.621795466141
2 2 0.326292586413
2 3 0.260870273755
2 4 0.606665938185
2 5 0.834183599458
2 6 0.687347116796
2 7 0.981705845970
2 8 0.570015927591
2 9 0.908081906706
2 10 0.758867578609
2 11 0.742519414072
2 12 0.587651491236
2 13 0.885210949909
2 14 0.013316165577
2 15 0.957033688507
2 16 0.895819059850
2 17 0.195448018433
2 18 0.841404890380
2 19 0.567474200479
3 0 0.937028578836
3 1 0.964727069826
3 2 0.106534229554
3 3 0.217787752173
3 4 0.638218590416
3 5 0.358611687926
3 6 0.287500195412
3 7 0.651643463993
3 8 0.502336220044
3 9 0.170530283234
3 10 0.887724898331
3 11 0.545847500641
3 12 0.174932609575
3 13 0.009532588061
3 14 0.013347642547
3 15 0.569271859813
3 16 0.136964521451
3 17 0.147094188353
3 18 0.190652623228
3 19 0.268953866855
4 0 0.020789737100
4 1 0.570701955371
4 2 0.436055545818
4 3 0.959641398786
4 4 0.270853181765
4 5 0.298511065420
4 6 0.721308280838
4 7 0.249702624926
4 8 0.635640590431
4 9 0.317164857222
4 10 0.807334679389
4 11 0.883995830336
4 12 0.670549702022
4 13 0.824653750282
4 14 0.463350770992
4 15 0.685367122916
4 16 0.922153655101
4 17 0.206551730268
4 18 0.172835597192
4 19 0.375684671929
0 0 9
0 1 12
0 2 14
0 3 15
0 4 15
0 5 14
0 6 11
0 7 13
0 8 8
0 9 13
0 10 5
0 11 10
0 12 14
0 13 11
0 14 11
0 15 14
0 16 11
0 17 9
0 18 15
0 19 15
1 0 9
1 1 15
1 2 14
1 3 16
1 4 17
1 5 13
1 6 14
1 7 13
1 8 9
1 9 13
1 10 6
1 11 9
1 12 16
1 13 11
1 14 10
1 15 13
1 16 12
1 17 10
1 18 14
1 19 18
2 0 8
2 1 12
2 2 13
2 3 15
2 4 15
2 5 13
2 6 13
2 7 11
2 8 8
2 9 13
2 10 7
2 11 10
2 12 15
2 13 10
2 14 11
2 15 13
2 16 12
2 17 10
2 18 15
2 19 17
3 0 12
3 1 16
3 2 16
3 3 17
3 4 17
3 5 14
3 6 14
3 7 14
3 8 8
3 9 14
3 10 8
3 11 11
3 12 18
3 13 11
3 14 11
3 15 14
3 16 12
3 17 11
3 18 16
3 19 19
4 0 10
4 1 12
4 2 15
4 3 16
4 4 15
4 5 12
4 6 11
4 7 13
4 8 7
4 9 14
4 10 6
4 11 9
4 12 16
4 13 10
4 14 11
4 15 13
4 16 11
4 17 9
4 18 15
4 19 16
