5 100 15 6 2.0 1.0 1.5 95
14 46 8
2 60 12
12 23 13
6 14 14
3 93 14
11 96 12
3 95 11
1 50 11
13 35 6
14 44 12
5 16 5
3 30 8
4 76 14
1 33 9
7 44 9
13 42 12
11 57 10
8 96 9
5 16 13
0 79 15
9 28 14
7 91 9
3 99 12
10 60 8
12 81 6
4 36 5
12 35 8
10 86 6
9 56 9
1 49 13
0 49 11
1 95 15
12 70 15
12 90 5
4 43 14
13 26 8
8 88 15
11 71 13
9 60 9
4 95 14
8 57 7
14 2 14
9 10 11
8 94 10
2 60 5
3 41 13
5 46 14
4 66 12
10 19 11
4 56 10
9 58 11
5 69 12
10 31 13
11 93 8
7 21 7
5 49 12
8 98 10
0 54 15
6 80 5
3 41 15
13 27 10
11 28 7
2 87 11
11 84 12
5 42 12
2 19 15
0 61 15
1 82 6
7 23 8
4 69 10
6 13 12
7 92 6
7 77 15
9 60 10
0 22 15
9 73 12
2 23 10
12 64 9
10 15 12
6 30 8
13 20 11
8 91 13
6 17 11
1 58 15
6 46 11
3 65 14
0 41 7
14 59 8
10 82 10
1 91 5
13 60 7
0 18 12
2 1 9
2 79 8
8 43 11
14 55 15
6 89 5
5 85 15
7 63 12
14 69 10
0 0 0.133567545415
0 1 0.686434108357
0 2 0.672141621097
0 3 0.441923007737
0 4 0.956819975225
0 5 0.553386992914
0 6 0.607023077438
0 7 0.106387707050
0 8 0.797508683427
0 9 0.918286965340
0 10 0.766764263952
0 11 0.634451292584
0 12 0.973301248390
0 13 0.050651932495
0 14 0.682600022592
0 15 0.050654284555
0 16 0.713359664110
0 17 0.052910850153
0 18 0.161112973249
0 19 0.540481054008
0 20 0.451894824784
0 21 0.238138607784
0 22 0.802927706562
0 23 0.183235746634
0 24 0.758718224201
0 25 0.638569126508
0 26 0.946916566174
0 27 0.261920436045
0 28 0.320938721882
0 29 0.469969400512
0 30 0.013912156715
0 31 0.066807816207
0 32 0.387506224398
0 33 0.294059118001
0 34 0.944498686780
0 35 0.181182037477
0 36 0.597037062487
0 37 0.198537035240
0 38 0.664895077060
0 39 0.117737726887
0 40 0.743347447628
0 41 0.042766423381
0 42 0.054206899506
0 43 0.208437053113
0 44 0.821564105346
0 45 0.111289593267
0 46 0.615921037140
0 47 0.628318534532
0 48 0.285641234391
0 49 0.414380825059
0 50 0.393329249277
0 51 0.261776241511
0 52 0.790164363110
0 53 0.434410799535
0 54 0.220715833854
0 55 0.486059514882
0 56 0.949771143469
0 57 0.447958293389
0 58 0.266482739978
0 59 0.752295789078
0 60 0.805971032355
0 61 0.835744355438
0 62 0.782891184935
0 63 0.629785439199
0 64 0.565109656326
0 65 0.284633354815
0 66 0.063778451860
0 67 0.346079546887
0 68 0.402591894733
0 69 0.081477701570
0 70 0.073826809949
0 71 0.097837987245
0 72 0.241224841808
0 73 0.457896116161
0 74 0.887627904080
0 75 0.959331174070
0 76 0.807870620028
0 77 0.135442333195
0 78 0.815463516392
0 79 0.086771074250
0 80 0.598916898901
0 81 0.240074196190
0 82 0.187164617911
0 83 0.951127943790
0 84 0.125538448608
0 85 0.445409032145
0 86 0.043137084877
0 87 0.806510027732
0 88 0.691601268317
0 89 0.082790291948
0 90 0.438580058098
0 91 0.583269552300
0 92 0.950411562661
0 93 0.589764521587
0 94 0.611475305252
0 95 0.579474172254
0 96 0.122617404259
0 97 0.627666531851
0 98 0.024265654709
0 99 0.682773812332
1 0 0.365895042220
1 1 0.727807409298
1 2 0.980033586870
1 3 0.799501331601
1 4 0.413281922007
1 5 0.318823490623
1 6 0.590967312643
1 7 0.031986998630
1 8 0.086150691835
1 9 0.015537214705
1 10 0.980269472609
1 11 0.893319622732
1 12 0.470509649225
1 13 0.147462895198
1 14 0.456277386980
1 15 0.092140400563
1 16 0.042979818197
1 17 0.971379420398
1 18 0.738186113385
1 19 0.238411615314
1 20 0.918252657740
1 21 0.855383909031
1 22 0.400036187313
1 23 0.540947820977
1 24 0.515241593920
1 25 0.446851945707
1 26 0.789403234596
1 27 0.486603773481
1 28 0.698542220859
1 29 0.160214931932
1 30 0.983788465476
1 31 0.751892880706
1 32 0.543595586589
1 33 0.122191698007
1 34 0.284012771032
1 35 0.884201879312
1 36 0.939681941302
1 37 0.122072077831
1 38 0.434089703708
1 39 0.868075840267
1 40 0.224874567621
1 41 0.806791402272
1 42 0.377778469654
1 43 0.291576138775
1 44 0.740307010140
1 45 0.777084451142
1 46 0.700661516403
1 47 0.192176769610
1 48 0.491337842487
1 49 0.454553333686
1 50 0.734385729327
1 51 0.458545190470
1 52 0.677541522655
1 53 0.940719515129
1 54 0.632358339991
1 55 0.950997441314
1 56 0.403738753030
1 57 0.952582753901
1 58 0.583139187358
1 59 0.427091675721
1 60 0.136158794764
1 61 0.147005522742
1 62 0.652941236172
1 63 0.361775806573
1 64 0.154301078404
1 65 0.097162734795
1 66 0.646158715949
1 67 0.862045165742
1 68 0.481899719536
1 69 0.845322081438
1 70 0.071930281131
1 71 0.526166365982
1 72 0.640565673061
1 73 0.339592242805
1 74 0.351123930124
1 75 0.775607397243
1 76 0.508448176706
1 77 0.469848361905
1 78 0.425172969119
1 79 0.703915540167
1 80 0.069073213824
1 81 0.805057768018
1 82 0.681941874161
1 83 0.533488754552
1 84 0.995606802540
1 85 0.166617910366
1 86 0.803348189749
1 87 0.998892149437
1 88 0.445165098556
1 89 0.952006599195
1 90 0.614623596901
1 91 0.003542349481
1 92 0.618237990452
1 93 0.324722496742
1 94 0.466117629622
1 95 0.627542685005
1 96 0.783675356553
1 97 0.442686188665
1 98 0.689663533209
1 99 0.413258934924
2 0 0.829774808496
2 1 0.621795466141
2 2 0.326292586413
2 3 0.260870273755
2 4 0.606665938185
2 5 0.834183599458
2 6 0.687347116796
2 7 0.981705845970
2 8 0.570015927591
2 9 0.908081906706
2 10 0.758867578609
2 11 0.742519414072
2 12 0.587651491236
2 13 0.885210949909
2 14 0.013316165577
2 15 0.957033688507
2 16 0.895819059850
2 17 0.195448018433
2 18 0.841404890380
2 19 0.567474200479
2 20 0.959415010144
2 21 0.361613630398
2 22 0.436664643081
2 23 0.480376252415
2 24 0.717926162950
2 25 0.447208587372
2 26 0.425410433327
2 27 0.331588946361
2 28 0.331029263274
2 29 0.929486768736
2 30 0.636143365920
2 31 0.250092177575
2 32 0.523526568964
2 33 0.991391145833
2 34 0.282607991168
2 35 0.637325957444
2 36 0.757010887328
2 37 0.367941765617
2 38 0.543368652161
2 39 0.228970069849
2 40 0.849361438831
2 41 0.956151529036
2 42 0.392624577493
2 43 0.056162920989
2 44 0.015262659762
2 45 0.586495234493
2 46 0.670132800438
2 47 0.561366082802
2 48 0.596779578592
2 49 0.763504251147
2 50 0.567287396670
2 51 0.882400216003
2 52 0.382146315416
2 53 0.148380759255
2 54 0.385347043544
2 55 0.730997784463
2 56 0.546043139860
2 57 0.446272881870
2 58 0.402996062475
2 59 0.459079865235
2 60 0.133530668798
2 61 0.208047711218
2 62 0.860078533544
2 63 0.121613360877
2 64 0.097770747783
2 65 0.184934081228
2 66 0.657464335713
2 67 0.230431085570
2 68 0.330092047032
2 69 0.827554253972
2 70 0.409311426086
2 71 0.905186344653
2 72 0.697273356365
2 73 0.056670077650
2 74 0.157553771712
2 75 0.483974974888
2 76 0.521762246124
2 77 0.387418202904
2 78 0.565249410588
2 79 0.974504481901
2 80 0.694266855044
2 81 0.151572736502
2 82 0.337416585340
2 83 0.643862843034
2 84 0.037639103778
2 85 0.514897031718
2 86 0.062138622333
2 87 0.051146391519
2 88 0.651512929323
2 89 0.218478919507
2 90 0.903205842700
2 91 0.678789696375
2 92 0.099072508976
2 93 0.648450459240
2 94 0.389171604160
2 95 0.458261094502
2 96 0.342534838923
2 97 0.837436839899
2 98 0.266089221101
2 99 0.873451159577
3 0 0.937028578836
3 1 0.964727069826
3 2 0.106534229554
3 3 0.217787752173
3 4 0.638218590416
3 5 0.358611687926
3 6 0.287500195412
3 7 0.651643463993
3 8 0.502336220044
3 9 0.170530283234
3 10 0.887724898331
3 11 0.545847500641
3 12 0.174932609575
3 13 0.009532588061
3 14 0.013347642547
3 15 0.569271859813
3 16 0.136964521451
3 17 0.147094188353
3 18 0.190652623228
3 19 0.268953866855
3 20 0.745474391387
3 21 0.201064782869
3 22 0.204218989483
3 23 0.454233455401
3 24 0.580241176531
3 25 0.447653417750
3 26 0.095667146402
3 27 0.334551937064
3 28 0.460663461051
3 29 0.196480358511
3 30 0.066360670339
3 31 0.421599566826
3 32 0.834203756740
3 33 0.586833109993
3 34 0.679417716689
3 35 0.853920231273
3 36 0.682780374451
3 37 0.817923351811
3 38 0.506477894383
3 39 0.688679115017
3 40 0.329702265157
3 41 0.158535446147
3 42 0.984823425210
3 43 0.660114726613
3 44 0.943396764555
3 45 0.181651199914
3 46 0.007500974501
3 47 0.515686317110
3 48 0.695078470344
3 49 0.351073600113
3 50 0.551769854438
3 51 0.060116322784
3 52 0.987725355585
3 53 0.716460276618
3 54 0.947131968346
3 55 0.713688438632
3 56 0.871457292306
3 57 0.287991864542
3 58 0.999048291878
3 59 0.814057511272
3 60 0.197887355942
3 61 0.320852461211
3 62 0.897652859233
3 63 0.481864365079
3 64 0.251245905554
3 65 0.624010149008
3 66 0.607132921554
3 67 0.837800473794
3 68 0.960682399840
3 69 0.797103273299
3 70 0.920700403281
3 71 0.795487263928
3 72 0.230655749456
3 73 0.119790545350
3 74 0.528839170791
3 75 0.318339906521
3 76 0.654885794049
3 77 0.894377627910
3 78 0.519923491373
3 79 0.103952003600
3 80 0.846217946001
3 81 0.567008081112
3 82 0.368660609359
3 83 0.632329657400
3 84 0.373725924287
3 85 0.005140654006
3 86 0.755600364734
3 87 0.149979483959
3 88 0.238725059170
3 89 0.509790061863
3 90 0.427509459620
3 91 0.766530469083
3 92 0.621574870622
3 93 0.249013824872
3 94 0.195997915428
3 95 0.251293900899
3 96 0.549492929478
3 97 0.788615956102
3 98 0.013722549262
3 99 0.211894411189
4 0 0.020789737100
4 1 0.570701955371
4 2 0.436055545818
4 3 0.959641398786
4 4 0.270853181765
4 5 0.298511065420
4 6 0.721308280838
4 7 0.249702624926
4 8 0.635640590431
4 9 0.317164857222
4 10 0.807334679389
4 11 0.883995830336
4 12 0.670549702022
4 13 0.824653750282
4 14 0.463350770992
4 15 0.685367122916
4 16 0.922153655101
4 17 0.206551730268
4 18 0.172835597192
4 19 0.375684671929
4 20 0.995563654195
4 21 0.568496499600
4 22 0.507422565448
4 23 0.720445194216
4 24 0.698927145428
4 25 0.336149512892
4 26 0.793228603894
4 27 0.538936592406
4 28 0.798595084873
4 29 0.730949124574
4 30 0.895928737890
4 31 0.715321602113
4 32 0.649384725763
4 33 0.453533596463
4 34 0.065519917077
4 35 0.659951985712
4 36 0.128911303877
4 37 0.103972095916
4 38 0.114824428431
4 39 0.811664006269
4 40 0.654609904265
4 41 0.400380491643
4 42 0.441602659890
4 43 0.349557964526
4 44 0.278155411763
4 45 0.096825438499
4 46 0.541646430051
4 47 0.260205231408
4 48 0.146970214441
4 49 0.538130303711
4 50 0.981204641644
4 51 0.602038325524
4 52 0.036937083941
4 53 0.076786102069
4 54 0.472004609285
4 55 0.090741593728
4 56 0.211672750036
4 57 0.993471523576
4 58 0.360755737718
4 59 0.044442582928
4 60 0.539758777495
4 61 0.752269954758
4 62 0.712867109974
4 63 0.479277828480
4 64 0.420098776145
4 65 0.028308412350
4 66 0.502226561834
4 67 0.784237484542
4 68 0.566897895726
4 69 0.160872213405
4 70 0.224276703640
4 71 0.030050678151
4 72 0.922502576181
4 73 0.122851828261
4 74 0.998462391648
4 75 0.954051123094
4 76 0.289348138344
4 77 0.723307320527
4 78 0.239250464749
4 79 0.199266082859
4 80 0.953517513194
4 81 0.468727797431
4 82 0.418742903064
4 83 0.068427664947
4 84 0.802959738364
4 85 0.172015199798
4 86 0.177011374795
4 87 0.970569733759
4 88 0.117382742783
4 89 0.711623977926
4 90 0.590741669268
4 91 0.573123905126
4 92 0.310452318522
4 93 0.879822648516
4 94 0.324835345513
4 95 0.361161172856
4 96 0.318315752182
4 97 0.387084215018
4 98 0.876238300829
4 99 0.398732507852
0 0 9
0 1 12
0 2 14
0 3 15
0 4 15
0 5 14
0 6 11
0 7 13
0 8 8
0 9 13
0 10 5
0 11 10
0 12 14
0 13 11
0 14 11
0 15 14
0 16 11
0 17 9
0 18 15
0 19 15
0 20 14
0 21 11
0 22 12
0 23 9
0 24 8
0 25 5
0 26 10
0 27 7
0 28 11
0 29 13
0 30 11
0 31 15
0 32 16
0 33 6
0 34 14
0 35 8
0 36 16
0 37 13
0 38 9
0 39 16
0 40 7
0 41 14
0 42 11
0 43 11
0 44 6
0 45 14
0 46 16
0 47 12
0 48 13
0 49 11
0 50 13
0 51 14
0 52 14
0 53 9
0 54 9
0 55 13
0 56 12
0 57 16
0 58 7
0 59 17
0 60 12
0 61 9
0 62 12
0 63 13
0 64 13
0 65 15
0 66 16
0 67 7
0 68 8
0 69 10
0 70 13
0 71 7
0 72 17
0 73 10
0 74 15
0 75 12
0 76 10
0 77 9
0 78 13
0 79 10
0 80 13
0 81 13
0 82 13
0 83 17
0 84 12
0 85 14
0 86 7
0 87 10
0 88 11
0 89 7
0 90 8
0 91 13
0 92 11
0 93 9
0 94 13
0 95 16
0 96 6
0 97 15
0 98 14
0 99 11
1 0 9
1 1 13
1 2 15
1 3 15
1 4 15
1 5 13
1 6 14
1 7 12
1 8 7
1 9 15
1 10 6
1 11 11
1 12 15
1 13 11
1 14 10
1 15 15
1 16 12
1 17 12
1 18 15
1 19 16
1 20 16
1 21 12
1 22 15
1 23 11
1 24 8
1 25 6
1 26 11
1 27 8
1 28 10
1 29 16
1 30 13
1 31 17
1 32 16
1 33 6
1 34 16
1 35 11
1 36 17
1 37 16
1 38 11
1 39 15
1 40 10
1 41 15
1 42 12
1 43 13
1 44 7
1 45 14
1 46 17
1 47 15
1 48 12
1 49 12
1 50 14
1 51 13
1 52 16
1 53 9
1 54 9
1 55 13
1 56 13
1 57 16
1 58 8
1 59 16
1 60 12
1 61 9
1 62 14
1 63 13
1 64 14
1 65 18
1 66 16
1 67 7
1 68 10
1 69 12
1 70 15
1 71 7
1 72 16
1 73 11
1 74 17
1 75 13
1 76 12
1 77 11
1 78 15
1 79 9
1 80 13
1 81 15
1 82 12
1 83 18
1 84 13
1 85 15
1 86 9
1 87 9
1 88 12
1 89 8
1 90 8
1 91 13
1 92 11
1 93 9
1 94 13
1 95 16
1 96 6
1 97 18
1 98 14
1 99 13
2 0 10
2 1 13
2 2 13
2 3 16
2 4 16
2 5 14
2 6 11
2 7 12
2 8 6
2 9 12
2 10 7
2 11 9
2 12 16
2 13 10
2 14 11
2 15 14
2 16 11
2 17 10
2 18 13
2 19 15
2 20 16
2 21 11
2 22 13
2 23 9
2 24 6
2 25 6
2 26 10
2 27 7
2 28 11
2 29 15
2 30 11
2 31 15
2 32 16
2 33 7
2 34 14
2 35 8
2 36 15
2 37 14
2 38 10
2 39 15
2 40 8
2 41 14
2 42 13
2 43 10
2 44 7
2 45 15
2 46 14
2 47 12
2 48 13
2 49 10
2 50 13
2 51 12
2 52 15
2 53 9
2 54 7
2 55 13
2 56 12
2 57 15
2 58 6
2 59 17
2 60 12
2 61 9
2 62 11
2 63 14
2 64 12
2 65 16
2 66 16
2 67 6
2 68 9
2 69 12
2 70 14
2 71 7
2 72 16
2 73 10
2 74 16
2 75 14
2 76 12
2 77 10
2 78 14
2 79 8
2 80 11
2 81 13
2 82 13
2 83 17
2 84 11
2 85 15
2 86 8
2 87 8
2 88 10
2 89 7
2 90 9
2 91 13
2 92 10
2 93 8
2 94 13
2 95 16
2 96 6
2 97 17
2 98 12
2 99 10
3 0 10
3 1 16
3 2 17
3 3 16
3 4 18
3 5 15
3 6 14
3 7 15
3 8 10
3 9 14
3 10 8
3 11 12
3 12 16
3 13 12
3 14 12
3 15 15
3 16 14
3 17 13
3 18 17
3 19 19
3 20 18
3 21 11
3 22 15
3 23 12
3 24 10
3 25 9
3 26 12
3 27 8
3 28 13
3 29 17
3 30 13
3 31 18
3 32 17
3 33 8
3 34 16
3 35 10
3 36 19
3 37 16
3 38 12
3 39 18
3 40 10
3 41 16
3 42 15
3 43 14
3 44 7
3 45 16
3 46 17
3 47 15
3 48 15
3 49 12
3 50 15
3 51 16
3 52 17
3 53 11
3 54 10
3 55 14
3 56 12
3 57 19
3 58 8
3 59 17
3 60 13
3 61 10
3 62 14
3 63 14
3 64 15
3 65 19
3 66 18
3 67 10
3 68 10
3 69 13
3 70 16
3 71 8
3 72 19
3 73 13
3 74 17
3 75 14
3 76 12
3 77 13
3 78 15
3 79 10
3 80 15
3 81 17
3 82 13
3 83 18
3 84 14
3 85 17
3 86 9
3 87 11
3 88 14
3 89 7
3 90 11
3 91 16
3 92 12
3 93 12
3 94 15
3 95 17
3 96 7
3 97 17
3 98 15
3 99 12
4 0 8
4 1 14
4 2 15
4 3 16
4 4 15
4 5 12
4 6 11
4 7 13
4 8 6
4 9 12
4 10 7
4 11 8
4 12 15
4 13 10
4 14 9
4 15 12
4 16 12
4 17 10
4 18 15
4 19 15
4 20 14
4 21 10
4 22 12
4 23 9
4 24 6
4 25 6
4 26 8
4 27 7
4 28 10
4 29 15
4 30 13
4 31 17
4 32 16
4 33 7
4 34 14
4 35 10
4 36 16
4 37 13
4 38 9
4 39 16
4 40 7
4 41 15
4 42 11
4 43 11
4 44 7
4 45 13
4 46 16
4 47 13
4 48 11
4 49 12
4 50 11
4 51 12
4 52 14
4 53 8
4 54 8
4 55 12
4 56 12
4 57 15
4 58 5
4 59 17
4 60 12
4 61 9
4 62 11
4 63 12
4 64 14
4 65 16
4 66 16
4 67 8
4 68 9
4 69 10
4 70 14
4 71 6
4 72 16
4 73 10
4 74 15
4 75 12
4 76 12
4 77 10
4 78 12
4 79 8
4 80 13
4 81 14
4 82 12
4 83 17
4 84 13
4 85 16
4 86 7
4 87 10
4 88 12
4 89 7
4 90 9
4 91 14
4 92 11
4 93 9
4 94 11
4 95 16
4 96 6
4 97 17
4 98 14
4 99 11
