10 10 1
91
24
13
45
41
38
27
23
96
79
0 0 0.086938832629
0 1 0.421921819685
0 2 0.029797219438
0 3 0.218637974804
0 4 0.505355288103
0 5 0.026535969684
0 6 0.198837650687
0 7 0.649884437780
0 8 0.544941480603
0 9 0.220440622041
1 0 0.589265683876
1 1 0.809430456678
1 2 0.006498759678
1 3 0.805819251833
1 4 0.698139394988
1 5 0.340250516518
1 6 0.155479499812
1 7 0.957213072207
1 8 0.336594545113
1 9 0.092745843380
2 0 0.096716376833
2 1 0.847494366347
2 2 0.603726031367
2 3 0.807128273274
2 4 0.729731786694
2 5 0.536228091455
2 6 0.973115763979
2 7 0.378534377208
2 8 0.552040631273
2 9 0.829404664253
3 0 0.618519752364
3 1 0.861706900311
3 2 0.577352145257
3 3 0.704571836215
3 4 0.045824383656
3 5 0.227898275652
3 6 0.289387963602
3 7 0.079791976924
3 8 0.232790886361
3 9 0.101001429410
4 0 0.277973603110
4 1 0.635684444264
4 2 0.364832178970
4 3 0.370180967117
4 4 0.209507030771
4 5 0.266977822049
4 6 0.936654587712
4 7 0.648035385247
4 8 0.609131005667
4 9 0.171138648198
5 0 0.729126797950
5 1 0.163402493762
5 2 0.379455441758
5 3 0.989523350637
5 4 0.639999759854
5 5 0.556949743775
5 6 0.684614250990
5 7 0.842851920190
5 8 0.775999911546
5 9 0.229048071964
6 0 0.032100243904
6 1 0.315453048059
6 2 0.267740875976
6 3 0.210982843586
6 4 0.942909714335
6 5 0.876367626473
6 6 0.314677880798
6 7 0.655438665295
6 8 0.395631901061
6 9 0.914547589741
7 0 0.458851852587
7 1 0.264880166498
7 2 0.246627507694
7 3 0.561368134163
7 4 0.262741608523
7 5 0.584585990224
7 6 0.897822883602
7 7 0.399400505140
7 8 0.219320759157
7 9 0.997537606495
8 0 0.509526293676
8 1 0.090909412174
8 2 0.047116375425
8 3 0.109649130351
8 4 0.627446041703
8 5 0.792079364363
8 6 0.422159966800
8 7 0.063527706152
8 8 0.381619286507
8 9 0.996121380240
9 0 0.529114345099
9 1 0.971078377614
9 2 0.860779702234
9 3 0.011481021943
9 4 0.720721819360
9 5 0.681710369027
9 6 0.536970330409
9 7 0.266825189953
9 8 0.640961798580
9 9 0.111552173596
